0.001	5.2061056733e-08
0.002	5.20919384243e-08
0.003	5.20970681229e-08
0.004	5.21017865788e-08
0.005	5.21061931655e-08
0.006	5.21103745865e-08
0.007	5.211440572e-08
0.008	5.2118350419e-08
0.009	5.21222622685e-08
0.01	5.21261852989e-08
0.011	5.21301546588e-08
0.012	5.21341972477e-08
0.013	5.21383323103e-08
0.014	5.21425719944e-08
0.015	5.21469218748e-08
0.016	5.21513814446e-08
0.017	5.21559445754e-08
0.018	5.21605999493e-08
0.019	5.21653314642e-08
0.02	5.21470286293e-08
0.021	5.21108633734e-08
0.022	5.20752253268e-08
0.023	5.20400998223e-08
0.024	5.20054613587e-08
0.025	5.19527791359e-08
0.026	5.18752729773e-08
0.027	5.17914602598e-08
0.028	5.17080482323e-08
0.029	5.1624963511e-08
0.03	5.15421267707e-08
0.031	5.1459453413e-08
0.032	5.13768541983e-08
0.033	5.12942358425e-08
0.034	5.12115015799e-08
0.035	5.1128551691e-08
0.036	5.1045284e-08
0.037	5.09615943396e-08
0.038	5.0877376986e-08
0.039	5.07925250649e-08
0.04	5.07069309294e-08
0.041	5.06204865116e-08
0.042	5.05331068361e-08
0.043	5.04446767721e-08
0.044	5.03550720177e-08
0.045	5.02641858492e-08
0.046	5.01719125138e-08
0.047	5.00786055082e-08
0.048	4.99756216873e-08
0.049	4.98465057862e-08
0.05	4.96997326074e-08
0.051	4.95513665529e-08
0.052	4.9401314134e-08
0.053	4.92494844268e-08
0.054	4.9095789165e-08
0.055	4.89401428213e-08
0.056	4.87824626789e-08
0.057	4.86226688927e-08
0.058	4.84606845415e-08
0.059	4.82964356725e-08
0.06	4.81298513377e-08
0.061	4.79608636238e-08
0.062	4.7789407675e-08
0.063	4.76154217103e-08
0.064	4.74389322605e-08
0.065	4.7260199606e-08
0.066	4.70787383213e-08
0.067	4.68945005004e-08
0.068	4.67074412561e-08
0.069	4.65175187094e-08
0.07	4.63246939761e-08
0.071	4.61289311479e-08
0.072	4.59085216587e-08
0.073	4.56637676623e-08
0.074	4.5415649787e-08
0.075	4.51651243557e-08
0.076	4.49120827642e-08
0.077	4.46564259469e-08
0.078	4.43980641942e-08
0.079	4.413691696e-08
0.08	4.38729126601e-08
0.081	4.36059884629e-08
0.082	4.33360900726e-08
0.083	4.30631715055e-08
0.084	4.27871948603e-08
0.085	4.25081300827e-08
0.086	4.2225954725e-08
0.087	4.19408015566e-08
0.088	4.16525307322e-08
0.089	4.13611183049e-08
0.09	4.10665697144e-08
0.091	4.07688967334e-08
0.092	4.04681172028e-08
0.093	4.0164254763e-08
0.094	3.9857338583e-08
0.095	3.9536108164e-08
0.096	3.91923736027e-08
0.097	3.8837855616e-08
0.098	3.8482799483e-08
0.099	3.81256503373e-08
0.1	3.77664668159e-08
0.101	3.74053108698e-08
0.102	3.70422474721e-08
0.103	3.66773443279e-08
0.104	3.63106715859e-08
0.105	3.59423015517e-08
0.106	3.55723084047e-08
0.107	3.52007679173e-08
0.108	3.48277571782e-08
0.109	3.44533543192e-08
0.11	3.40776382469e-08
0.111	3.37006883789e-08
0.112	3.33225843851e-08
0.113	3.29434059349e-08
0.114	3.25633843452e-08
0.115	3.21824884721e-08
0.116	3.18007403487e-08
0.117	3.14182176009e-08
0.118	3.1033993403e-08
0.119	3.06335262279e-08
0.12	3.02185172731e-08
0.121	2.98038657686e-08
0.122	2.93897026296e-08
0.123	2.89769782525e-08
0.124	2.85632069917e-08
0.125	2.81486089897e-08
0.126	2.77334006289e-08
0.127	2.73177939816e-08
0.128	2.69019962998e-08
0.129	2.6486209545e-08
0.13	2.60706299566e-08
0.131	2.56554476583e-08
0.132	2.52408463029e-08
0.133	2.48270027532e-08
0.134	2.44140867987e-08
0.135	2.40022609081e-08
0.136	2.35916800144e-08
0.137	2.31824913341e-08
0.138	2.27748342172e-08
0.139	2.23688400274e-08
0.14	2.19646320523e-08
0.141	2.15623254396e-08
0.142	2.11574076221e-08
0.143	2.07440940661e-08
0.144	2.03275326315e-08
0.145	1.9914090727e-08
0.146	1.9503831419e-08
0.147	1.90974135825e-08
0.148	1.86949478101e-08
0.149	1.82957844227e-08
0.15	1.78999539214e-08
0.151	1.75074793364e-08
0.152	1.71183764108e-08
0.153	1.67326537945e-08
0.154	1.6350313243e-08
0.155	1.59713498238e-08
0.156	1.55957521278e-08
0.157	1.5223502485e-08
0.158	1.48545771846e-08
0.159	1.44889466992e-08
0.16	1.41265759117e-08
0.161	1.37674472636e-08
0.162	1.3411574096e-08
0.163	1.30588107865e-08
0.164	1.27091031176e-08
0.165	1.23599725587e-08
0.166	1.20076829192e-08
0.167	1.16550072855e-08
0.168	1.13058483916e-08
0.169	1.09601207658e-08
0.17	1.06177363524e-08
0.171	1.02786048244e-08
0.172	9.94111751645e-09
0.173	9.61209097304e-09
0.174	9.29117446618e-09
0.175	8.9781830986e-09
0.176	8.67290602119e-09
0.177	8.37508825436e-09
0.178	8.08451351027e-09
0.179	7.80096541931e-09
0.18	7.5242281234e-09
0.181	7.25408682123e-09
0.182	6.99032826903e-09
0.183	6.73274124065e-09
0.184	6.4811169507e-09
0.185	9.97269769162e-07
0.186	9.62077851017e-07
0.187	9.27532291682e-07
0.188	8.93421258756e-07
0.189	8.59482213744e-07
0.19	8.2591731104e-07
0.191	7.92971192246e-07
0.192	7.60623185965e-07
0.193	7.28841465708e-07
0.194	6.97599261641e-07
0.195	6.66870453928e-07
0.196	6.36646390999e-07
0.197	6.06905414272e-07
0.198	5.77595090445e-07
0.199	5.48689304643e-07
0.2	5.20161879747e-07
0.201	4.9198655261e-07
0.202	4.64136943461e-07
0.203	4.3658651821e-07
0.204	4.09308543317e-07
0.205	3.82276032722e-07
0.206	3.55461686198e-07
0.207	3.28837818347e-07
0.208	3.02377372911e-07
0.209	2.76051653948e-07
0.21	2.49829533397e-07
0.211	2.23650553312e-07
0.212	1.97419343441e-07
0.213	1.71167630627e-07
0.214	1.44946961143e-07
0.215	1.1872254077e-07
0.216	9.24580294868e-08
0.217	6.61152807149e-08
0.218	3.96540405232e-08
0.219	1.30315992829e-08
0.22	6.77748773359e-09
0.221	1.34388837912e-08
0.222	2.02238128259e-08
0.223	2.71342248057e-08
0.224	3.41720682122e-08
0.225	4.13392878017e-08
0.226	4.8637822433e-08
0.227	5.60696029661e-08
0.228	6.36365502232e-08
0.229	7.13405730074e-08
0.23	7.91840938073e-08
0.231	8.71688829033e-08
0.232	9.52964190215e-08
0.233	1.03568525927e-07
0.234	1.11982302986e-07
0.235	1.20481291759e-07
0.236	1.2905932586e-07
0.237	1.37770911783e-07
0.238	1.46617324867e-07
0.239	1.55599804562e-07
0.24	1.64719552991e-07
0.241	1.73977733578e-07
0.242	1.83375469712e-07
0.243	1.92913843472e-07
0.244	2.02593894396e-07
0.245	2.1242063151e-07
0.246	2.22393224605e-07
0.247	2.32510415087e-07
0.248	2.4277299953e-07
0.249	2.53181722098e-07
0.25	2.63737273326e-07
0.251	2.74440288919e-07
0.252	2.85292669968e-07
0.253	2.96293957308e-07
0.254	3.0744412768e-07
0.255	3.18743643325e-07
0.256	3.30192920827e-07
0.257	3.41792328939e-07
0.258	3.53403020857e-07
0.259	3.6496546798e-07
0.26	3.7660997626e-07
0.261	3.88380956836e-07
0.262	4.00278083999e-07
0.263	4.12300970254e-07
0.264	4.24449164784e-07
0.265	4.3672215198e-07
0.266	4.49119349991e-07
0.267	4.61640109334e-07
0.268	4.74283711503e-07
0.269	2.49517480973e-07
0.27	2.62083558348e-07
0.271	2.74894281667e-07
0.272	2.87952345758e-07
0.273	3.01260472382e-07
0.274	3.1482141042e-07
0.275	3.28637936701e-07
0.276	3.42712873109e-07
0.277	3.57049026777e-07
0.278	3.71649256608e-07
0.279	3.8651644985e-07
0.28	4.01653522365e-07
0.281	4.16978801827e-07
0.282	4.32347411951e-07
0.283	4.47828976288e-07
0.284	4.63559410882e-07
0.285	4.79540962333e-07
0.286	4.95775893172e-07
0.287	5.12266481969e-07
0.288	5.29015023448e-07
0.289	5.4602382862e-07
0.29	5.63295224907e-07
0.291	5.80831556296e-07
0.292	5.98635183493e-07
0.293	6.16708520087e-07
0.294	6.35054183462e-07
0.295	6.53674373036e-07
0.296	6.7257152193e-07
0.297	6.91748081099e-07
0.298	7.11206519548e-07
0.299	7.30949925732e-07
0.3	7.50981841231e-07
0.301	7.71305645448e-07
0.302	7.91924822142e-07
0.303	8.12842843996e-07
0.304	8.34063173557e-07
0.305	8.55169546226e-07
0.306	8.76102777532e-07
0.307	8.97273469909e-07
0.308	9.18715227456e-07
0.309	9.40430554652e-07
0.31	9.62421933992e-07
0.311	9.84691826778e-07
0.312	1.03791721185e-08
0.313	1.06124531881e-08
0.314	1.08486425942e-08
0.315	1.10877645901e-08
0.316	1.13298432613e-08
0.317	1.15749025332e-08
0.318	1.19777209162e-08
0.319	1.22574315847e-08
0.32	1.25404615191e-08
0.321	1.2826832944e-08
0.322	1.31165679272e-08
0.323	1.34096884499e-08
0.324	1.37062162091e-08
0.325	1.40061723799e-08
0.326	1.43095784758e-08
0.327	1.46164558902e-08
0.328	1.49234180713e-08
0.329	1.52256701036e-08
0.33	1.55263118507e-08
0.331	1.58298769651e-08
0.332	1.61363761481e-08
0.333	1.64458198819e-08
0.334	1.67582184355e-08
0.335	1.7073581871e-08
0.336	1.73919200486e-08
0.337	1.77132426329e-08
0.338	1.80375590987e-08
0.339	1.83648787357e-08
0.34	1.86952106552e-08
0.341	1.90285637945e-08
0.342	1.93649471213e-08
0.343	1.97043691142e-08
0.344	2.00468381753e-08
0.345	2.03923626033e-08
0.346	2.07409505495e-08
0.347	2.10929452322e-08
0.348	2.14491954443e-08
0.349	2.18096610154e-08
0.35	2.21743127069e-08
0.351	2.25431219524e-08
0.352	2.29053387918e-08
0.353	2.325888478e-08
0.354	2.36142441425e-08
0.355	2.39729091751e-08
0.356	2.43348425277e-08
0.357	2.4700007456e-08
0.358	2.50683677994e-08
0.359	2.54398879615e-08
0.36	2.58145328909e-08
0.361	2.61922680633e-08
0.362	2.65730594646e-08
0.363	2.69568735747e-08
0.364	2.73436773526e-08
0.365	2.77334382219e-08
0.366	2.81257020959e-08
0.367	2.85206182471e-08
0.368	2.89181323777e-08
0.369	2.93182109197e-08
0.37	2.97208207111e-08
0.371	3.0125928986e-08
0.372	3.0533505161e-08
0.373	3.09435141594e-08
0.374	3.13559243718e-08
0.375	3.1765962355e-08
0.376	3.21608819342e-08
0.377	3.25449317651e-08
0.378	3.29304758133e-08
0.379	3.33174773792e-08
0.38	3.37059001223e-08
0.381	3.40957080523e-08
0.382	3.44868655202e-08
0.383	3.487933721e-08
0.384	3.52730881313e-08
0.385	3.56680836113e-08
0.386	3.6064289288e-08
0.387	3.64616711031e-08
0.388	3.68601952959e-08
0.389	3.72598283969e-08
0.39	3.76605378349e-08
0.391	3.80622904933e-08
0.392	3.84650533934e-08
0.393	3.88687941738e-08
0.394	3.9273480733e-08
0.395	3.96790812246e-08
0.396	4.01415537551e-08
0.397	4.0671231424e-08
0.398	4.11976768842e-08
0.399	4.17061733158e-08
0.4	4.21882996807e-08
0.401	4.26585222904e-08
0.402	4.31247655953e-08
0.403	4.3587081519e-08
0.404	4.40455197918e-08
0.405	4.45001280597e-08
0.406	4.49509519878e-08
0.407	4.53980353578e-08
0.408	4.58414201602e-08
0.409	4.62811466813e-08
0.41	4.67172535861e-08
0.411	4.71497779948e-08
0.412	4.75787555569e-08
0.413	4.80042205196e-08
0.414	4.84262103003e-08
0.415	4.88447591932e-08
0.416	4.92598996595e-08
0.417	4.96716636525e-08
0.418	5.0080082042e-08
0.419	5.04851846617e-08
0.42	5.08870033552e-08
0.421	5.12855641811e-08
0.422	5.16808903964e-08
0.423	5.20453984436e-08
0.424	5.23777431265e-08
0.425	5.27054876657e-08
0.426	5.30294924728e-08
0.427	5.33497879556e-08
0.428	5.36664035639e-08
0.429	5.3979367826e-08
0.43	5.42887083831e-08
0.431	5.45944520218e-08
0.432	5.48966247056e-08
0.433	5.51952516047e-08
0.434	5.54903571249e-08
0.435	5.5781964935e-08
0.436	5.60700979935e-08
0.437	5.63547785737e-08
0.438	5.66360292998e-08
0.439	5.69138708427e-08
0.44	5.71883228644e-08
0.441	5.74594049202e-08
0.442	5.77271358494e-08
0.443	5.79915338783e-08
0.444	5.82399074032e-08
0.445	5.84380375963e-08
0.446	5.8625316066e-08
0.447	5.87794453675e-08
0.448	5.89104227649e-08
0.449	5.90405245305e-08
0.45	5.91697226777e-08
0.451	5.92979651638e-08
0.452	5.9425181054e-08
0.453	5.95512848671e-08
0.454	5.96761802271e-08
0.455	5.9799762927e-08
0.456	5.99219234925e-08
0.457	6.00425493204e-08
0.458	6.01615264559e-08
0.459	6.02787410621e-08
0.46	6.03940806272e-08
0.461	6.05074349498e-08
0.462	6.06189158817e-08
0.463	6.07284060461e-08
0.464	6.08356638684e-08
0.465	6.09405957298e-08
0.466	6.10431126005e-08
0.467	6.11431302522e-08
0.468	6.12406265514e-08
0.469	6.13361106243e-08
0.47	6.14086193133e-08
0.471	6.14442889655e-08
0.472	6.14634397356e-08
0.473	6.1479762776e-08
0.474	6.14932066709e-08
0.475	6.15037256006e-08
0.476	6.15112791569e-08
0.477	6.15158321452e-08
0.478	6.15173543772e-08
0.479	6.1515820457e-08
0.48	6.15112095634e-08
0.481	6.15035052315e-08
0.482	6.14926951339e-08
0.483	6.1478770865e-08
0.484	6.14617277281e-08
0.485	6.14415645269e-08
0.486	6.14188823001e-08
0.487	6.1393391653e-08
0.488	6.13648347602e-08
0.489	6.13332209081e-08
0.49	6.12985628461e-08
0.491	6.12608764325e-08
0.492	6.12201803076e-08
0.493	6.10243797084e-08
0.494	6.07760698683e-08
0.495	6.04962798129e-08
0.496	6.0215189119e-08
0.497	5.99365717839e-08
0.498	5.96603310644e-08
0.499	5.93863734879e-08
0.5	5.91146086262e-08
0.501	5.88449488913e-08
0.502	5.85773093499e-08
0.503	5.83116075561e-08
0.504	5.80477634005e-08
0.505	5.77856989746e-08
0.506	5.75253384492e-08
0.507	5.72666079647e-08
0.508	5.70094355349e-08
0.509	5.67537509595e-08
0.51	5.65001998154e-08
0.511	5.62482871238e-08
0.512	5.59976884901e-08
0.513	5.57483408673e-08
0.514	5.55001826667e-08
0.515	5.52531537214e-08
0.516	5.50071952548e-08
0.517	5.4758633484e-08
0.518	5.44808763499e-08
0.519	5.41785769572e-08
0.52	5.38778269361e-08
0.521	5.35785650926e-08
0.522	5.32807318775e-08
0.523	5.29842693679e-08
0.524	5.26891212497e-08
0.525	5.23952328038e-08
0.526	5.21025508924e-08
0.527	5.18110239475e-08
0.528	5.15206019611e-08
0.529	5.12312364749e-08
0.53	5.09428805722e-08
0.531	5.06554888691e-08
0.532	5.03690175069e-08
0.533	5.00834241441e-08
0.534	4.97995792085e-08
0.535	4.95166938291e-08
0.536	4.92346133735e-08
0.537	4.89533128692e-08
0.538	4.86727657559e-08
0.539	4.83929440812e-08
0.54	4.81138186939e-08
0.541	4.78259830327e-08
0.542	4.75133086046e-08
0.543	4.71857518124e-08
0.544	4.68594174822e-08
0.545	4.65342709925e-08
0.546	4.62102776075e-08
0.547	4.58874026289e-08
0.548	4.55656115404e-08
0.549	4.52448701429e-08
0.55	4.49251446816e-08
0.551	4.46064019648e-08
0.552	4.42886094735e-08
0.553	4.39717354637e-08
0.554	4.36557490592e-08
0.555	4.33406203366e-08
0.556	4.30263204025e-08
0.557	4.27128214623e-08
0.558	4.2401115066e-08
0.559	4.20902190303e-08
0.56	4.17800674331e-08
0.561	4.1470637428e-08
0.562	4.11619074571e-08
0.563	4.08538572788e-08
0.564	4.05464679873e-08
0.565	4.02256519194e-08
0.566	3.98840093284e-08
0.567	3.953566934e-08
0.568	3.91886809431e-08
0.569	3.88430268927e-08
0.57	3.84986913707e-08
0.571	3.81556599536e-08
0.572	3.78139195748e-08
0.573	3.74734584848e-08
0.574	3.71342662076e-08
0.575	3.67963334942e-08
0.576	3.6459652273e-08
0.577	3.61242155979e-08
0.578	3.57900175938e-08
0.579	3.54570533998e-08
0.58	3.51253191105e-08
0.581	3.47949556949e-08
0.582	3.44666743907e-08
0.583	3.41397069396e-08
0.584	3.38139899435e-08
0.585	3.34894655502e-08
0.586	3.31660812868e-08
0.587	3.28437898825e-08
0.588	3.25225490816e-08
0.589	3.21867189459e-08
0.59	3.18351173511e-08
0.591	3.14829501317e-08
0.592	3.11324544915e-08
0.593	3.07836058117e-08
0.594	3.04363832718e-08
0.595	3.00907696098e-08
0.596	2.97467508843e-08
0.597	2.94043162399e-08
0.598	2.90634576752e-08
0.599	2.87241698141e-08
0.6	2.83864496817e-08
0.601	2.80502964835e-08
0.602	2.77157113895e-08
0.603	2.7382697323e-08
0.604	2.70512587548e-08
0.605	2.67216340938e-08
0.606	2.63942199306e-08
0.607	2.606840482e-08
0.608	2.57441971244e-08
0.609	2.5421605774e-08
0.61	2.5100640099e-08
0.611	2.47813096672e-08
0.612	2.4462160948e-08
0.613	2.41311383097e-08
0.614	2.37910732583e-08
0.615	2.34533872595e-08
0.616	2.31180832472e-08
0.617	2.27851634286e-08
0.618	2.24546291661e-08
0.619	2.21264808675e-08
0.62	2.18007178828e-08
0.621	2.14773384072e-08
0.622	2.11563393908e-08
0.623	2.08377164537e-08
0.624	2.05214638074e-08
0.625	2.02075741814e-08
0.626	1.98960387545e-08
0.627	1.95868470911e-08
0.628	1.92799870825e-08
0.629	1.89756673823e-08
0.63	1.86733042014e-08
0.631	1.8372219201e-08
0.632	1.80725191737e-08
0.633	1.77743051865e-08
0.634	1.74776725244e-08
0.635	1.71827106497e-08
0.636	1.68864003729e-08
0.637	1.65826178279e-08
0.638	1.62757232817e-08
0.639	1.5971432247e-08
0.64	1.56697988673e-08
0.641	1.53708711616e-08
0.642	1.50746911213e-08
0.643	1.47812948145e-08
0.644	1.44907124978e-08
0.645	1.42029687354e-08
0.646	1.39180825236e-08
0.647	1.36360674213e-08
0.648	1.33569316845e-08
0.649	1.30806784058e-08
0.65	1.28073056567e-08
0.651	1.25368066329e-08
0.652	1.22691698023e-08
0.653	1.20046584582e-08
0.654	1.17431310144e-08
0.655	1.14843952818e-08
0.656	1.1228422105e-08
0.657	1.09751783552e-08
0.658	1.07246270821e-08
0.659	1.04767276649e-08
0.66	1.02282585277e-08
0.661	9.97678585774e-09
0.662	9.72628688025e-09
0.663	9.47875905234e-09
0.664	9.23413874584e-09
0.665	8.99235964635e-09
0.666	8.7533529137e-09
0.667	8.51704734133e-09
0.668	8.28336951537e-09
0.669	8.05224397404e-09
0.67	7.82359336837e-09
0.671	7.5973386255e-09
0.672	7.37339911598e-09
0.673	7.15169282676e-09
0.674	6.9321365423e-09
0.675	6.71464603604e-09
0.676	6.4991362758e-09
0.677	9.7221677579e-07
0.678	9.4349706392e-07
0.679	9.15360874362e-07
0.68	8.87795743953e-07
0.681	8.60788343825e-07
0.682	8.34324592501e-07
0.683	8.0838975713e-07
0.684	7.82631377573e-07
0.685	7.56957665977e-07
0.686	7.31755335978e-07
0.687	7.07070567223e-07
0.688	6.82883254541e-07
0.689	6.59175229396e-07
0.69	6.35928158078e-07
0.691	6.13123579623e-07
0.692	5.90742937715e-07
0.693	5.68767606981e-07
0.694	5.47178913998e-07
0.695	5.25958153265e-07
0.696	5.0508659843e-07
0.697	4.84545508904e-07
0.698	4.64316132074e-07
0.699	4.44379701186e-07
0.7	4.24717911656e-07
0.701	4.05325164561e-07
0.702	3.86167457577e-07
0.703	3.67225892033e-07
0.704	3.48481478304e-07
0.705	3.29915107439e-07
0.706	3.11507517802e-07
0.707	2.93239256395e-07
0.708	2.74937682998e-07
0.709	2.5660820103e-07
0.71	2.38405351902e-07
0.711	2.20301418252e-07
0.712	2.02274077114e-07
0.713	1.84301574051e-07
0.714	1.66361564196e-07
0.715	1.4843100881e-07
0.716	1.30486057647e-07
0.717	1.12501914849e-07
0.718	9.44526856791e-08
0.719	7.63112007775e-08
0.72	5.80488140067e-08
0.721	3.9635169025e-08
0.722	2.1037928731e-08
0.723	4.38850330789e-09
0.724	6.44915583259e-09
0.725	1.11649625455e-08
0.726	1.59991884623e-08
0.727	2.09541403957e-08
0.728	2.60321479973e-08
0.729	3.12355623284e-08
0.73	3.65667544526e-08
0.731	4.20241485065e-08
0.732	4.75855099071e-08
0.733	5.32485960778e-08
0.734	5.90380798063e-08
0.735	6.49541204857e-08
0.736	7.09984751618e-08
0.737	7.71731559697e-08
0.738	8.34801803758e-08
0.739	8.99215693342e-08
0.74	9.64993454838e-08
0.741	1.03215531355e-07
0.742	1.10072147621e-07
0.743	1.17071211352e-07
0.744	1.24214734302e-07
0.745	1.31504721215e-07
0.746	1.38943168144e-07
0.747	1.46532060784e-07
0.748	1.5427452366e-07
0.749	1.62172762283e-07
0.75	1.70227378727e-07
0.751	1.78440275295e-07
0.752	1.86813333464e-07
0.753	1.95348412116e-07
0.754	2.04047345762e-07
0.755	2.12865684068e-07
0.756	2.21718948945e-07
0.757	2.30644237478e-07
0.758	2.39723233749e-07
0.759	2.48953953205e-07
0.76	2.58337239659e-07
0.761	2.67874367568e-07
0.762	2.77566598315e-07
0.763	2.87415175877e-07
0.764	2.97421322607e-07
0.765	3.07586235087e-07
0.766	3.1791108008e-07
0.767	3.28396990549e-07
0.768	3.39045061738e-07
0.769	3.49856347333e-07
0.77	3.60831855654e-07
0.771	3.71972545906e-07
0.772	1.97917097352e-07
0.773	2.0829070196e-07
0.774	2.1889829275e-07
0.775	2.29743471604e-07
0.776	2.40829886508e-07
0.777	2.52161231456e-07
0.778	2.63741246362e-07
0.779	2.75482331692e-07
0.78	2.87304824102e-07
0.781	2.99291949003e-07
0.782	3.11515662313e-07
0.783	3.23979118448e-07
0.784	3.36685549955e-07
0.785	3.49638225322e-07
0.786	3.62840441387e-07
0.787	3.76295523101e-07
0.788	3.90006823272e-07
0.789	4.03977722359e-07
0.79	4.18211628255e-07
0.791	4.32711976088e-07
0.792	4.47482228046e-07
0.793	4.62525873204e-07
0.794	4.77846427374e-07
0.795	4.93447432961e-07
0.796	5.09332593368e-07
0.797	5.25505407495e-07
0.798	5.4196948649e-07
0.799	5.58728480556e-07
0.8	5.75786066151e-07
0.801	5.9314594594e-07
0.802	6.10811848752e-07
0.803	6.28503738712e-07
0.804	6.46117082201e-07
0.805	6.63926679164e-07
0.806	6.82019613209e-07
0.807	7.00400198948e-07
0.808	7.19073061994e-07
0.809	7.38042816093e-07
0.81	7.57314023091e-07
0.811	7.76891193974e-07
0.812	7.96778789901e-07
0.813	8.16981223189e-07
0.814	8.3750285828e-07
0.815	8.58348012687e-07
0.816	8.79520957917e-07
0.817	9.01025920373e-07
0.818	9.22867082239e-07
0.819	9.45048582349e-07
0.82	9.70072896526e-07
0.821	9.94889235348e-07
0.822	1.0624530052e-08
0.823	1.08898760574e-08
0.824	1.11591757017e-08
0.825	1.14324696635e-08
0.826	1.17097982274e-08
0.827	1.19843810234e-08
0.828	1.2255622173e-08
0.829	1.253025772e-08
0.83	1.28084771757e-08
0.831	1.30903063132e-08
0.832	1.33757713585e-08
0.833	1.36648980592e-08
0.834	1.39577116445e-08
0.835	1.4254236832e-08
0.836	1.4554497836e-08
0.837	1.48585183744e-08
0.838	1.51663216764e-08
0.839	1.5477930489e-08
0.84	1.57933670847e-08
0.841	1.61126532683e-08
0.842	1.64358103836e-08
0.843	1.67628593788e-08
0.844	1.70938207435e-08
0.845	1.74287143897e-08
0.846	1.7767559886e-08
0.847	1.81103763732e-08
0.848	1.84571825713e-08
0.849	1.88079967852e-08
0.85	1.91609048755e-08
0.851	1.95063678472e-08
0.852	1.98458820314e-08
0.853	2.01887865172e-08
0.854	2.05368845632e-08
0.855	2.08900982071e-08
0.856	2.12483701384e-08
0.857	2.16116438268e-08
0.858	2.19798634831e-08
0.859	2.23529740233e-08
0.86	2.27309210349e-08
0.861	2.31136507458e-08
0.862	2.3501109995e-08
0.863	2.38932462054e-08
0.864	2.42900073585e-08
0.865	2.46913419705e-08
0.866	2.50971990707e-08
0.867	2.55071909162e-08
0.868	2.59214067038e-08
0.869	2.63397737153e-08
0.87	2.67622400649e-08
0.871	2.71887542734e-08
0.872	2.76192652541e-08
0.873	2.80537222986e-08
0.874	2.8485812433e-08
0.875	2.89046239316e-08
0.876	2.93159464395e-08
0.877	2.9730152881e-08
0.878	3.01471876415e-08
0.879	3.05669873028e-08
0.88	3.09894940092e-08
0.881	3.14146503296e-08
0.882	3.18423992446e-08
0.883	3.22726841331e-08
0.884	3.27054487613e-08
0.885	3.31406372707e-08
0.886	3.3578194168e-08
0.887	3.40180643151e-08
0.888	3.44601929196e-08
0.889	3.49045255265e-08
0.89	3.53510080096e-08
0.891	3.57995872028e-08
0.892	3.62502091302e-08
0.893	3.67028205016e-08
0.894	3.71573684333e-08
0.895	3.76138003336e-08
0.896	3.8072063896e-08
0.897	3.85321070945e-08
0.898	3.89808522722e-08
0.899	3.94078685769e-08
0.9	3.9825847013e-08
0.901	4.02445657083e-08
0.902	4.08169124471e-08
0.903	4.14055084214e-08
0.904	4.19888182469e-08
0.905	4.25668987121e-08
0.906	4.31398037276e-08
0.907	4.37075845093e-08
0.908	4.42702897494e-08
0.909	4.48279657744e-08
0.91	4.5380656691e-08
0.911	4.59284045229e-08
0.912	4.64712493365e-08
0.913	4.70092293583e-08
0.914	4.75423833055e-08
0.915	4.80707493325e-08
0.916	4.85943620067e-08
0.917	4.91132555233e-08
0.918	4.96274627437e-08
0.919	5.01370152713e-08
0.92	5.06419435237e-08
0.921	5.1142276799e-08
0.922	5.16151060216e-08
0.923	5.20524232296e-08
0.924	5.24770651084e-08
0.925	5.28964398007e-08
0.926	5.33105926763e-08
0.927	5.3719550197e-08
0.928	5.41233495253e-08
0.929	5.45220267033e-08
0.93	5.49156167038e-08
0.931	5.5304153479e-08
0.932	5.56876700058e-08
0.933	5.606619833e-08
0.934	5.64397696071e-08
0.935	5.68084141419e-08
0.936	5.71721614256e-08
0.937	5.75310401719e-08
0.938	5.78850788286e-08
0.939	5.82343051214e-08
0.94	5.8578744705e-08
0.941	5.89184233712e-08
0.942	5.9253366143e-08
0.943	5.95835973767e-08
0.944	5.99091408501e-08
0.945	6.02300198388e-08
0.946	6.05118622618e-08
0.947	6.07531054607e-08
0.948	6.0988301943e-08
0.949	6.11976480238e-08
0.95	6.13390625365e-08
0.951	6.14797467637e-08
0.952	6.16198835201e-08
0.953	6.17595622368e-08
0.954	6.18987968201e-08
0.955	6.2037540642e-08
0.956	6.2175699124e-08
0.957	6.23131402982e-08
0.958	6.24497036639e-08
0.959	6.25852076049e-08
0.96	6.27194555888e-08
0.961	6.28522413357e-08
0.962	6.29835356093e-08
0.963	6.31131544464e-08
0.964	6.32407572232e-08
0.965	6.33661379394e-08
0.966	6.34890953367e-08
0.967	6.36094344686e-08
0.968	6.37269679399e-08
0.969	6.38349447688e-08
0.97	6.39020718098e-08
0.971	6.39349781534e-08
0.972	6.39645938769e-08
0.973	6.3991352643e-08
0.974	6.40155871714e-08
0.975	6.40361097272e-08
0.976	6.40528020223e-08
0.977	6.40655581508e-08
0.978	6.40742842993e-08
0.979	6.40788983951e-08
0.98	6.40793297064e-08
0.981	6.40755184047e-08
0.982	6.40674150999e-08
0.983	6.40549803567e-08
0.984	6.40381841984e-08
0.985	6.40170056058e-08
0.986	6.39923361734e-08
0.987	6.39635201909e-08
0.988	6.39303676105e-08
0.989	6.38928861081e-08
0.99	6.38510905696e-08
0.991	6.38050024816e-08
0.992	6.37546493563e-08
0.993	6.36863673361e-08
0.994	6.35764265172e-08
0.995	6.3439029876e-08
0.996	6.3298101007e-08
0.997	6.30434499306e-08
0.998	6.26766647467e-08
0.999	6.23128897084e-08
1	6.19520363171e-08
1.001	6.15940197056e-08
1.002	6.12387583351e-08
1.003	6.08861737246e-08
1.004	6.05361902079e-08
1.005	6.01887347163e-08
1.006	5.98437365841e-08
1.007	5.95011273754e-08
1.008	5.91608407294e-08
1.009	5.88228735906e-08
1.01	5.84882882527e-08
1.011	5.81558621392e-08
1.012	5.78255363065e-08
1.013	5.74972533086e-08
1.014	5.71709571267e-08
1.015	5.68465931086e-08
1.016	5.65241079164e-08
1.017	5.61839956175e-08
1.018	5.58129734679e-08
1.019	5.54311099011e-08
1.02	5.50520179313e-08
1.021	5.46769980886e-08
1.022	5.43055308651e-08
1.023	5.39363916377e-08
1.024	5.3569530068e-08
1.025	5.32048970854e-08
1.026	5.28424448627e-08
1.027	5.24821267946e-08
1.028	5.21238974795e-08
1.029	5.17677127032e-08
1.03	5.1413529426e-08
1.031	5.10613057707e-08
1.032	5.07110010121e-08
1.033	5.03629512937e-08
1.034	5.00175779956e-08
1.035	4.9674037371e-08
1.036	4.93323047631e-08
1.037	4.89923537315e-08
1.038	4.86541562298e-08
1.039	4.83176827842e-08
1.04	4.79829026695e-08
1.041	4.76282683503e-08
1.042	4.72477018438e-08
1.043	4.68632316259e-08
1.044	4.64813910235e-08
1.045	4.61047273669e-08
1.046	4.57313317491e-08
1.047	4.53600795942e-08
1.048	4.49909367006e-08
1.049	4.46238688014e-08
1.05	4.42588416874e-08
1.051	4.38958213231e-08
1.052	4.35347739555e-08
1.053	4.31756662149e-08
1.054	4.28184652092e-08
1.055	4.24631386099e-08
1.056	4.2109654732e-08
1.057	4.17585784316e-08
1.058	4.14098026067e-08
1.059	4.10627913218e-08
1.06	4.0717516027e-08
1.061	4.03739490731e-08
1.062	4.00320637512e-08
1.063	3.96918343256e-08
1.064	3.93532360599e-08
1.065	3.89933885783e-08
1.066	3.86127642477e-08
1.067	3.82345933378e-08
1.068	3.7858984928e-08
1.069	3.7487480221e-08
1.07	3.71187164345e-08
1.071	3.6752192123e-08
1.072	3.6387887312e-08
1.073	3.60257829172e-08
1.074	3.56658607119e-08
1.075	3.53081032917e-08
1.076	3.49524940385e-08
1.077	3.45990170809e-08
1.078	3.42476572543e-08
1.079	3.38984000581e-08
1.08	3.35512316118e-08
1.081	3.32068935931e-08
1.082	3.2864883883e-08
1.083	3.25249564582e-08
1.084	3.21870444224e-08
1.085	3.18510859368e-08
1.086	3.15170240483e-08
1.087	3.11848065095e-08
1.088	3.08513414536e-08
1.089	3.05016240801e-08
1.09	3.01393570661e-08
1.091	2.97797308714e-08
1.092	2.94226961544e-08
1.093	2.90697966668e-08
1.094	2.87192761041e-08
1.095	2.83710417609e-08
1.096	2.80250716628e-08
1.097	2.76813463858e-08
1.098	2.73398488474e-08
1.099	2.70005641011e-08
1.1	2.66634791372e-08
1.101	2.63285826878e-08
1.102	2.59958650373e-08
1.103	2.56653178378e-08
1.104	2.53369566532e-08
1.105	2.50115018546e-08
1.106	2.46881983473e-08
1.107	2.43670412729e-08
1.108	2.40480262806e-08
1.109	2.37311493814e-08
1.11	2.34164068061e-08
1.111	2.31037948699e-08
1.112	2.27879546892e-08
1.113	2.24610815366e-08
1.114	2.21290574495e-08
1.115	2.18000051162e-08
1.116	2.14739435505e-08
1.117	2.115203246e-08
1.118	2.08328675615e-08
1.119	2.05164369137e-08
1.12	2.02027275052e-08
1.121	1.98917251797e-08
1.122	1.9583414567e-08
1.123	1.92777790197e-08
1.124	1.89748005546e-08
1.125	1.86744597989e-08
1.126	1.83767359406e-08
1.127	1.80816066826e-08
1.128	1.77891640205e-08
1.129	1.74992150564e-08
1.13	1.72108315966e-08
1.131	1.69241051265e-08
1.132	1.66391214881e-08
1.133	1.63559608738e-08
1.134	1.6074697831e-08
1.135	1.57954012798e-08
1.136	1.5512880661e-08
1.137	1.52236188681e-08
1.138	1.49333075952e-08
1.139	1.46459141145e-08
1.14	1.43616703298e-08
1.141	1.40810379155e-08
1.142	1.38032693449e-08
1.143	1.35283842954e-08
1.144	1.32563971464e-08
1.145	1.29873171171e-08
1.146	1.27211484057e-08
1.147	1.24578903328e-08
1.148	1.21975374856e-08
1.149	1.19400798647e-08
1.15	1.16855030319e-08
1.151	1.1433788258e-08
1.152	1.11851048088e-08
1.153	1.09394115974e-08
1.154	1.06964919059e-08
1.155	1.04563111783e-08
1.156	1.02188313078e-08
1.157	9.98401078325e-09
1.158	9.75180483233e-09
1.159	9.52216556359e-09
1.16	9.29062277868e-09
1.161	9.05639665267e-09
1.162	8.8240783044e-09
1.163	8.59467659804e-09
1.164	8.36828345608e-09
1.165	8.14499048995e-09
1.166	7.92430842075e-09
1.167	7.70616408187e-09
1.168	7.49048251648e-09
1.169	7.27718712606e-09
1.17	7.06619982115e-09
1.171	6.85744117565e-09
1.172	6.65083058642e-09
1.173	9.8122863291e-07
1.174	9.56754312648e-07
1.175	9.32541331023e-07
1.176	9.06032081267e-07
1.177	8.79224960213e-07
1.178	8.52973381847e-07
1.179	8.27264534016e-07
1.18	8.0208489268e-07
1.181	7.77420318923e-07
1.182	7.53256145635e-07
1.183	7.29577254749e-07
1.184	7.05958716822e-07
1.185	6.82416809222e-07
1.186	6.59361090417e-07
1.187	6.36781836589e-07
1.188	6.14680963749e-07
1.189	5.93033966089e-07
1.19	5.71801373078e-07
1.191	5.50965513024e-07
1.192	5.30508672495e-07
1.193	5.10413113218e-07
1.194	4.90661084577e-07
1.195	4.71234831883e-07
1.196	4.52116600568e-07
1.197	4.33288636408e-07
1.198	4.14733181899e-07
1.199	3.96432468755e-07
1.2	3.78380329665e-07
1.201	3.60546337616e-07
1.202	3.42912418422e-07
1.203	3.25460631525e-07
1.204	3.08172927187e-07
1.205	2.91031114206e-07
1.206	2.7401682269e-07
1.207	2.57079046581e-07
1.208	2.40092893638e-07
1.209	2.23098541408e-07
1.21	2.06196279516e-07
1.211	1.8936561434e-07
1.212	1.72590564683e-07
1.213	1.55846045933e-07
1.214	1.39106467198e-07
1.215	1.22349374136e-07
1.216	1.05551416771e-07
1.217	8.86882046526e-08
1.218	7.17341409008e-08
1.219	5.46622313644e-08
1.22	3.74438643642e-08
1.221	2.00485554621e-08
1.222	3.98503272862e-09
1.223	5.94107732256e-09
1.224	1.03474620792e-08
1.225	1.4867638658e-08
1.226	1.95038678765e-08
1.227	2.42584372842e-08
1.228	2.91336598855e-08
1.229	3.41318729079e-08
1.23	3.92554365556e-08
1.231	4.44965128206e-08
1.232	4.98356431966e-08
1.233	5.52784018517e-08
1.234	6.08430789819e-08
1.235	6.6531744663e-08
1.236	7.234886029e-08
1.237	7.82946528297e-08
1.238	8.43705988507e-08
1.239	9.05787380104e-08
1.24	9.69211164477e-08
1.241	1.0339978509e-07
1.242	1.10016797985e-07
1.243	1.16774210645e-07
1.244	1.23674078414e-07
1.245	1.30718454829e-07
1.246	1.37909390014e-07
1.247	1.45249908107e-07
1.248	1.5274223958e-07
1.249	1.60387291137e-07
1.25	1.68187061656e-07
1.251	1.76143536621e-07
1.252	1.84258686397e-07
1.253	1.92534464497e-07
1.254	2.00972805843e-07
1.255	2.09498137505e-07
1.256	2.18053919796e-07
1.257	2.26711323653e-07
1.258	2.35518660255e-07
1.259	2.44477272786e-07
1.26	2.53591220882e-07
1.261	2.62858762489e-07
1.262	2.7228094266e-07
1.263	2.8185910687e-07
1.264	2.91594591069e-07
1.265	3.01488717216e-07
1.266	3.11542788903e-07
1.267	3.2175808705e-07
1.268	3.3213586567e-07
1.269	3.42677347692e-07
1.27	3.53383720839e-07
1.271	1.88067285947e-07
1.272	1.97962736193e-07
1.273	2.08084069667e-07
1.274	2.18434889774e-07
1.275	2.29018850354e-07
1.276	2.39839655546e-07
1.277	2.50901059654e-07
1.278	2.6220686704e-07
1.279	2.73630955211e-07
1.28	2.85126791168e-07
1.281	2.96819559526e-07
1.282	3.0874502567e-07
1.283	3.2090650241e-07
1.284	3.33307389428e-07
1.285	3.45950967256e-07
1.286	3.5884063238e-07
1.287	3.71979812915e-07
1.288	3.85371968331e-07
1.289	3.99020589187e-07
1.29	4.1292919689e-07
1.291	4.27101343463e-07
1.292	4.41540611318e-07
1.293	4.56250613058e-07
1.294	4.71234991289e-07
1.295	4.86497538508e-07
1.296	5.02041867448e-07
1.297	5.17871703485e-07
1.298	5.33990809856e-07
1.299	5.50402979198e-07
1.3	5.67112033438e-07
1.301	5.84121823713e-07
1.302	6.01425188475e-07
1.303	6.18667916422e-07
1.304	6.35837457686e-07
1.305	6.53284414845e-07
1.306	6.710118916e-07
1.307	6.89023624231e-07
1.308	7.07324991903e-07
1.309	7.25920534865e-07
1.31	7.44815173989e-07
1.311	7.64013777285e-07
1.312	7.83521160933e-07
1.313	8.03342090299e-07
1.314	8.23481280923e-07
1.315	8.43943399455e-07
1.316	8.64733064604e-07
1.317	8.85854848035e-07
1.318	9.07313275262e-07
1.319	9.31546121725e-07
1.32	9.55550396405e-07
1.321	9.79928086922e-07
1.322	1.04648289489e-08
1.323	1.0725657985e-08
1.324	1.09904607317e-08
1.325	1.12592814674e-08
1.326	1.15306877935e-08
1.327	1.17991008587e-08
1.328	1.20656829706e-08
1.329	1.23358599969e-08
1.33	1.26096626066e-08
1.331	1.28871211213e-08
1.332	1.31682647677e-08
1.333	1.34531218885e-08
1.334	1.37417209129e-08
1.335	1.40340897301e-08
1.336	1.43302556978e-08
1.337	1.46302456489e-08
1.338	1.49340858993e-08
1.339	1.52418022543e-08
1.34	1.55534200167e-08
1.341	1.58689639925e-08
1.342	1.61884585545e-08
1.343	1.65119275732e-08
1.344	1.68393943293e-08
1.345	1.71708817124e-08
1.346	1.7506412149e-08
1.347	1.78460076089e-08
1.348	1.81896896115e-08
1.349	1.85374792321e-08
1.35	1.88844302689e-08
1.351	1.92239038325e-08
1.352	1.95605501813e-08
1.353	1.99006509801e-08
1.354	2.02442137969e-08
1.355	2.05924316992e-08
1.356	2.094599281e-08
1.357	2.13048309232e-08
1.358	2.16688889613e-08
1.359	2.20381105699e-08
1.36	2.24124400802e-08
1.361	2.27918224747e-08
1.362	2.31762033544e-08
1.363	2.35655289092e-08
1.364	2.39597458897e-08
1.365	2.43588015813e-08
1.366	2.47623194543e-08
1.367	2.51703817825e-08
1.368	2.55829145723e-08
1.369	2.59998643289e-08
1.37	2.64211779692e-08
1.371	2.68468028044e-08
1.372	2.72766865242e-08
1.373	2.77107771817e-08
1.374	2.81384516017e-08
1.375	2.85529151451e-08
1.376	2.89643969466e-08
1.377	2.93790071663e-08
1.378	2.97966849884e-08
1.379	3.02173732823e-08
1.38	3.06410081205e-08
1.381	3.10675289813e-08
1.382	3.14968767915e-08
1.383	3.19289928704e-08
1.384	3.23638189166e-08
1.385	3.28012969966e-08
1.386	3.32413695327e-08
1.387	3.36839792928e-08
1.388	3.41290693801e-08
1.389	3.45765832237e-08
1.39	3.50264651719e-08
1.391	3.5478658817e-08
1.392	3.59331084223e-08
1.393	3.63897586377e-08
1.394	3.68485543967e-08
1.395	3.730944091e-08
1.396	3.77723636596e-08
1.397	3.82372683944e-08
1.398	3.86843905567e-08
1.399	3.91096770985e-08
1.4	3.95326504888e-08
1.401	3.99565389037e-08
1.402	4.03812852163e-08
1.403	4.09363263717e-08
1.404	4.15380236313e-08
1.405	4.21343903366e-08
1.406	4.27254804641e-08
1.407	4.33113451171e-08
1.408	4.3892032716e-08
1.409	4.44675891724e-08
1.41	4.50380580508e-08
1.411	4.56034807185e-08
1.412	4.61638964833e-08
1.413	4.67193448109e-08
1.414	4.72698644723e-08
1.415	4.78154905204e-08
1.416	4.83562574536e-08
1.417	4.88921982952e-08
1.418	4.94233446824e-08
1.419	4.99497269491e-08
1.42	5.04713742022e-08
1.421	5.09874187353e-08
1.422	5.14680324613e-08
1.423	5.19135695425e-08
1.424	5.23536424717e-08
1.425	5.27882916466e-08
1.426	5.32175582444e-08
1.427	5.36414867653e-08
1.428	5.40601011158e-08
1.429	5.4473436873e-08
1.43	5.48815285219e-08
1.431	5.52844095063e-08
1.432	5.56821122778e-08
1.433	5.60746683416e-08
1.434	5.64621083005e-08
1.435	5.68444618958e-08
1.436	5.72217580476e-08
1.437	5.75940253329e-08
1.438	5.79612916265e-08
1.439	5.83235826958e-08
1.44	5.86809244037e-08
1.441	5.90333418194e-08
1.442	5.93808593213e-08
1.443	5.97235006859e-08
1.444	6.0061289165e-08
1.445	6.0384472571e-08
1.446	6.06665742545e-08
1.447	6.09173034196e-08
1.448	6.11629311349e-08
1.449	6.14034903597e-08
1.45	6.1613713464e-08
1.451	6.17574584732e-08
1.452	6.19004867836e-08
1.453	6.20429934466e-08
1.454	6.21850739356e-08
1.455	6.2326743165e-08
1.456	6.2467951459e-08
1.457	6.2608597963e-08
1.458	6.27485419032e-08
1.459	6.28876120346e-08
1.46	6.30256145568e-08
1.461	6.31624751743e-08
1.462	6.32980300394e-08
1.463	6.3431944296e-08
1.464	6.3563994311e-08
1.465	6.36939568839e-08
1.466	6.38216118325e-08
1.467	6.39467440897e-08
1.468	6.40691453865e-08
1.469	6.41706928398e-08
1.47	6.4230777379e-08
1.471	6.42674120213e-08
1.472	6.43007490853e-08
1.473	6.43306319802e-08
1.474	6.43578633427e-08
1.475	6.4382153185e-08
1.476	6.44025396229e-08
1.477	6.44188971582e-08
1.478	6.44311136208e-08
1.479	6.44390898604e-08
1.48	6.44427393694e-08
1.481	6.44419878541e-08
1.482	6.44367727637e-08
1.483	6.44270427907e-08
1.484	6.44127573486e-08
1.485	6.43947347923e-08
1.486	6.43724067899e-08
1.487	6.43455269923e-08
1.488	6.43140901734e-08
1.489	6.42780997966e-08
1.49	6.42375673449e-08
1.491	6.41925116806e-08
1.492	6.41429584358e-08
1.493	6.40626371188e-08
1.494	6.39398791245e-08
1.495	6.3801480842e-08
1.496	6.36593347028e-08
1.497	6.35134938012e-08
1.498	6.31992903e-08
1.499	6.28228743055e-08
1.5	6.24493648792e-08
1.501	6.20786797176e-08
1.502	6.1710739987e-08
1.503	6.13454700309e-08
1.504	6.09827971073e-08
1.505	6.06226511546e-08
1.506	6.02649645824e-08
1.507	5.99096720849e-08
1.508	5.95567104749e-08
1.509	5.92072558066e-08
1.51	5.88600811147e-08
1.511	5.85150843759e-08
1.512	5.81722098002e-08
1.513	5.7831403101e-08
1.514	5.74926114193e-08
1.515	5.71557832576e-08
1.516	5.68208684227e-08
1.517	5.64575201697e-08
1.518	5.60630069481e-08
1.519	5.56681304766e-08
1.52	5.52761173806e-08
1.521	5.48869007324e-08
1.522	5.45028170822e-08
1.523	5.41213740666e-08
1.524	5.3742279578e-08
1.525	5.33654881754e-08
1.526	5.29909556038e-08
1.527	5.26186387675e-08
1.528	5.22484957078e-08
1.529	5.18804855825e-08
1.53	5.15145686487e-08
1.531	5.11507062478e-08
1.532	5.0789153612e-08
1.533	5.04305267212e-08
1.534	5.00738722834e-08
1.535	4.97191673097e-08
1.536	4.93663869903e-08
1.537	4.9015504866e-08
1.538	4.86664930007e-08
1.539	4.83193221522e-08
1.54	4.7970868045e-08
1.541	4.75958175453e-08
1.542	4.71980958106e-08
1.543	4.68032128273e-08
1.544	4.6411113597e-08
1.545	4.60221650552e-08
1.546	4.56391811609e-08
1.547	4.52584648708e-08
1.548	4.48799838659e-08
1.549	4.45037057626e-08
1.55	4.41295982266e-08
1.551	4.37576290803e-08
1.552	4.33877664035e-08
1.553	4.30199786274e-08
1.554	4.26542346208e-08
1.555	4.22905037703e-08
1.556	4.19292398469e-08
1.557	4.15705740597e-08
1.558	4.12138448347e-08
1.559	4.08590241719e-08
1.56	4.0506084857e-08
1.561	4.0155000503e-08
1.562	3.9805745586e-08
1.563	3.94582954742e-08
1.564	3.91050416285e-08
1.565	3.87305713727e-08
1.566	3.83431659215e-08
1.567	3.79585382486e-08
1.568	3.75766484235e-08
1.569	3.71980854001e-08
1.57	3.68235835975e-08
1.571	3.6451476422e-08
1.572	3.60817445919e-08
1.573	3.57143695796e-08
1.574	3.53493335775e-08
1.575	3.49866194642e-08
1.576	3.46262107676e-08
1.577	3.42680916273e-08
1.578	3.39122467546e-08
1.579	3.3558661392e-08
1.58	3.32079761957e-08
1.581	3.28598791922e-08
1.582	3.25140362888e-08
1.583	3.21703797373e-08
1.584	3.18288467368e-08
1.585	3.14893792666e-08
1.586	3.11519239112e-08
1.587	3.08164316791e-08
1.588	3.04732497985e-08
1.589	3.01142025349e-08
1.59	2.97494241304e-08
1.591	2.9387426005e-08
1.592	2.90281600647e-08
1.593	2.86724416846e-08
1.594	2.83201001818e-08
1.595	2.79701751164e-08
1.596	2.76226455863e-08
1.597	2.72774929546e-08
1.598	2.69347006486e-08
1.599	2.65942539638e-08
1.6	2.62561398737e-08
1.601	2.59203468441e-08
1.602	2.55868646534e-08
1.603	2.52556842185e-08
1.604	2.49274719163e-08
1.605	2.46016364217e-08
1.606	2.42780791758e-08
1.607	2.39567937528e-08
1.608	2.36377740608e-08
1.609	2.33210142053e-08
1.61	2.30065083576e-08
1.611	2.26942506285e-08
1.612	2.23742512454e-08
1.613	2.20436343971e-08
1.614	2.17127746082e-08
1.615	2.13849940443e-08
1.616	2.10602669748e-08
1.617	2.0739448055e-08
1.618	2.04219201825e-08
1.619	2.01072143889e-08
1.62	1.97953147373e-08
1.621	1.94862040802e-08
1.622	1.91798639988e-08
1.623	1.88762747472e-08
1.624	1.8575415202e-08
1.625	1.82772628149e-08
1.626	1.79817935708e-08
1.627	1.76890403473e-08
1.628	1.73990686317e-08
1.629	1.71107434431e-08
1.63	1.68241538838e-08
1.631	1.65393834245e-08
1.632	1.62565099045e-08
1.633	1.5975605544e-08
1.634	1.56967369668e-08
1.635	1.54199652346e-08
1.636	1.5136766554e-08
1.637	1.4847246461e-08
1.638	1.45602809681e-08
1.639	1.42763263577e-08
1.64	1.3995400527e-08
1.641	1.37182979037e-08
1.642	1.34442320416e-08
1.643	1.31731104884e-08
1.644	1.29049410058e-08
1.645	1.26397263855e-08
1.646	1.23774645934e-08
1.647	1.21181489157e-08
1.648	1.18617681066e-08
1.649	1.16083065368e-08
1.65	1.13577443425e-08
1.651	1.11101820232e-08
1.652	1.08657054248e-08
1.653	1.06240366461e-08
1.654	1.03851402355e-08
1.655	1.01489772487e-08
1.656	9.9155053939e-09
1.657	9.68467917541e-09
1.658	9.4564500352e-09
1.659	9.22982131269e-09
1.66	9.00035254878e-09
1.661	8.76933637851e-09
1.662	8.54127005498e-09
1.663	8.3160775829e-09
1.664	8.09371760915e-09
1.665	7.87454796896e-09
1.666	7.65793922891e-09
1.667	7.44381638967e-09
1.668	7.23210284172e-09
1.669	7.02272051383e-09
1.67	6.8155900246e-09
1.671	9.99623674905e-07
1.672	9.7503072834e-07
1.673	9.50711001195e-07
1.674	9.26656113809e-07
1.675	9.00941943932e-07
1.676	8.74285838931e-07
1.677	8.48186068317e-07
1.678	8.22629769816e-07
1.679	7.9760338422e-07
1.68	7.73092751176e-07
1.681	7.49083194826e-07
1.682	7.25559600105e-07
1.683	7.02349915529e-07
1.684	6.79199543839e-07
1.685	6.5628249845e-07
1.686	6.33843224637e-07
1.687	6.11863302392e-07
1.688	5.90335274008e-07
1.689	5.69253169824e-07
1.69	5.48568498733e-07
1.691	5.28263654081e-07
1.692	5.08321009419e-07
1.693	4.88722931069e-07
1.694	4.69451786565e-07
1.695	4.5048994909e-07
1.696	4.31819798035e-07
1.697	4.13423715767e-07
1.698	3.95284080651e-07
1.699	3.77392311727e-07
1.7	3.59723175307e-07
1.701	3.42256335067e-07
1.702	3.24974030765e-07
1.703	3.07858403788e-07
1.704	2.90891466033e-07
1.705	2.74055064022e-07
1.706	2.57330837803e-07
1.707	2.406142746e-07
1.708	2.23850665456e-07
1.709	2.07125529587e-07
1.71	1.90476291533e-07
1.711	1.73882328157e-07
1.712	1.57326020472e-07
1.713	1.40784442437e-07
1.714	1.24230785061e-07
1.715	1.07642165571e-07
1.716	9.09947079112e-08
1.717	7.42633835996e-08
1.718	5.74218289496e-08
1.719	4.04421342949e-08
1.72	2.32946000383e-08
1.721	5.94745307794e-09
1.722	5.0133642347e-09
1.723	9.34229438161e-09
1.724	1.37833570074e-08
1.725	1.8338785855e-08
1.726	2.30108422079e-08
1.727	2.78018136549e-08
1.728	3.27140128797e-08
1.729	3.77497764483e-08
1.73	4.29114636162e-08
1.731	4.81785345431e-08
1.732	5.35392607263e-08
1.733	5.90144494964e-08
1.734	6.46119553391e-08
1.735	7.03338425431e-08
1.736	7.61842735974e-08
1.737	8.2164144307e-08
1.738	8.82745229858e-08
1.739	9.45174451912e-08
1.74	1.00894952863e-07
1.741	1.07409092675e-07
1.742	1.14061914404e-07
1.743	1.20855469302e-07
1.744	1.27791808488e-07
1.745	1.34872981347e-07
1.746	1.42101509076e-07
1.747	1.49480555209e-07
1.748	1.57010607532e-07
1.749	1.6469367217e-07
1.75	1.72531743718e-07
1.751	1.80526803521e-07
1.752	1.8868081798e-07
1.753	1.96995736815e-07
1.754	2.0547072083e-07
1.755	2.13982249237e-07
1.756	2.22520800338e-07
1.757	2.31207979515e-07
1.758	2.40045159559e-07
1.759	2.49033678318e-07
1.76	2.58177315139e-07
1.761	2.67474708892e-07
1.762	2.76926775556e-07
1.763	2.86534857445e-07
1.764	2.9630028785e-07
1.765	3.06224386576e-07
1.766	3.16308455545e-07
1.767	3.26553774478e-07
1.768	3.36961596634e-07
1.769	3.4753314461e-07
1.77	1.8402688579e-07
1.771	1.93774247515e-07
1.772	2.03744485243e-07
1.773	2.13941170401e-07
1.774	2.24367925707e-07
1.775	2.3502842501e-07
1.776	2.45926393148e-07
1.777	2.57065605833e-07
1.778	2.68414125204e-07
1.779	2.79841249643e-07
1.78	2.91370266313e-07
1.781	3.03129127203e-07
1.782	3.15121120107e-07
1.783	3.27349575088e-07
1.784	3.39817924959e-07
1.785	3.52529460838e-07
1.786	3.65487600775e-07
1.787	3.78695795019e-07
1.788	3.92157525752e-07
1.789	4.05876306824e-07
1.79	4.19855683507e-07
1.791	4.34099232274e-07
1.792	4.48610560568e-07
1.793	4.63393306609e-07
1.794	4.78451222151e-07
1.795	4.93787981646e-07
1.796	5.09407279711e-07
1.797	5.25312878092e-07
1.798	5.41508568637e-07
1.799	5.57998173193e-07
1.8	5.74785543493e-07
1.801	5.91874561078e-07
1.802	6.09107245494e-07
1.803	6.26266214136e-07
1.804	6.43498331285e-07
1.805	6.6100853529e-07
1.806	6.78799955942e-07
1.807	6.9687645382e-07
1.808	7.15243411959e-07
1.809	7.33905413512e-07
1.81	7.52867416359e-07
1.811	7.72134325868e-07
1.812	7.91710995942e-07
1.813	8.11602230002e-07
1.814	8.31812781967e-07
1.815	8.523473572e-07
1.816	8.73210613423e-07
1.817	8.94407161615e-07
1.818	9.17879671734e-07
1.819	9.41594452997e-07
1.82	9.65679298941e-07
1.821	9.9013873487e-07
1.822	1.05722977055e-08
1.823	1.08339895643e-08
1.824	1.10996683791e-08
1.825	1.13693788732e-08
1.826	1.16386355789e-08
1.827	1.19046960863e-08
1.828	1.21719168952e-08
1.829	1.24427436224e-08
1.83	1.2717207296e-08
1.831	1.29953386207e-08
1.832	1.32771671224e-08
1.833	1.35627215356e-08
1.834	1.38520306516e-08
1.835	1.41451227225e-08
1.836	1.4442025469e-08
1.837	1.47427660879e-08
1.838	1.50473712587e-08
1.839	1.53558671512e-08
1.84	1.56682794322e-08
1.841	1.59846332885e-08
1.842	1.63049535103e-08
1.843	1.66292641855e-08
1.844	1.69575890376e-08
1.845	1.72899513202e-08
1.846	1.76263738237e-08
1.847	1.79668788813e-08
1.848	1.83114883756e-08
1.849	1.86602237443e-08
1.85	1.90032608177e-08
1.851	1.93385769455e-08
1.852	1.96758724949e-08
1.853	2.00166373358e-08
1.854	2.03608792909e-08
1.855	2.0709998831e-08
1.856	2.106447766e-08
1.857	2.14242520627e-08
1.858	2.17892652494e-08
1.859	2.21594611398e-08
1.86	2.25347843258e-08
1.861	2.2915180038e-08
1.862	2.33005941131e-08
1.863	2.36909729644e-08
1.864	2.40862635543e-08
1.865	2.44861501228e-08
1.866	2.48906574961e-08
1.867	2.52997097071e-08
1.868	2.57132530103e-08
1.869	2.61312340796e-08
1.87	2.655359999e-08
1.871	2.69802982012e-08
1.872	2.74112765411e-08
1.873	2.78451752558e-08
1.874	2.82663029589e-08
1.875	2.86753425119e-08
1.876	2.90875882661e-08
1.877	2.95029789572e-08
1.878	2.99214537826e-08
1.879	3.03429560545e-08
1.88	3.07674208271e-08
1.881	3.11947881323e-08
1.882	3.16249988761e-08
1.883	3.20579943486e-08
1.884	3.24937162119e-08
1.885	3.29321064878e-08
1.886	3.33731075464e-08
1.887	3.3816662096e-08
1.888	3.42627131729e-08
1.889	3.47112045126e-08
1.89	3.51620797355e-08
1.891	3.56152825177e-08
1.892	3.60707571205e-08
1.893	3.65284480897e-08
1.894	3.69883002475e-08
1.895	3.74502586871e-08
1.896	3.79142687672e-08
1.897	3.83735616646e-08
1.898	3.88114441252e-08
1.899	3.92341470251e-08
1.9	3.96578329975e-08
1.901	4.00824443617e-08
1.902	4.05079237987e-08
1.903	4.10930571493e-08
1.904	4.16952550347e-08
1.905	4.22921416637e-08
1.906	4.28837696792e-08
1.907	4.34701889002e-08
1.908	4.40514465091e-08
1.909	4.4627587223e-08
1.91	4.51986534533e-08
1.911	4.57646854524e-08
1.912	4.63257214497e-08
1.913	4.68818019727e-08
1.914	4.74329634474e-08
1.915	4.79792406632e-08
1.916	4.85206671729e-08
1.917	4.90572750816e-08
1.918	4.95890951334e-08
1.919	5.01161567934e-08
1.92	5.06384883228e-08
1.921	5.11412280244e-08
1.922	5.16081637804e-08
1.923	5.20539278013e-08
1.924	5.24942295321e-08
1.925	5.29291085818e-08
1.926	5.33586072215e-08
1.927	5.37827649878e-08
1.928	5.42016074188e-08
1.929	5.4615169386e-08
1.93	5.50234846874e-08
1.931	5.5426586098e-08
1.932	5.58245054181e-08
1.933	5.62172735184e-08
1.934	5.66049203833e-08
1.935	5.69874751523e-08
1.936	5.73649661585e-08
1.937	5.77374222955e-08
1.938	5.81048691214e-08
1.939	5.84673326919e-08
1.94	5.88248382199e-08
1.941	5.91774101929e-08
1.942	5.9525072466e-08
1.943	5.98678483423e-08
1.944	6.02057606429e-08
1.945	6.05128759933e-08
1.946	6.07786508198e-08
1.947	6.10291387136e-08
1.948	6.12745139225e-08
1.949	6.15148091344e-08
1.95	6.170565381e-08
1.951	6.18496881863e-08
1.952	6.19930500646e-08
1.953	6.21359134133e-08
1.954	6.22783562104e-08
1.955	6.24203788905e-08
1.956	6.25619198369e-08
1.957	6.27028683945e-08
1.958	6.28430757971e-08
1.959	6.29823643353e-08
1.96	6.31205767698e-08
1.961	6.32577004177e-08
1.962	6.33933494278e-08
1.963	6.35273003351e-08
1.964	6.36593276188e-08
1.965	6.37892067595e-08
1.966	6.39167167377e-08
1.967	6.40416420581e-08
1.968	6.41637743685e-08
1.969	6.42470471907e-08
1.97	6.42887157016e-08
1.971	6.43247712891e-08
1.972	6.43574702618e-08
1.973	6.43866573282e-08
1.974	6.44135115031e-08
1.975	6.44370065797e-08
1.976	6.44565409956e-08
1.977	6.4471991041e-08
1.978	6.44832463928e-08
1.979	6.44902097897e-08
1.98	6.44927966431e-08
1.981	6.44909345964e-08
1.982	6.44845630451e-08
1.983	6.44736326282e-08
1.984	6.44585692244e-08
1.985	6.44395346533e-08
1.986	6.44159239633e-08
1.987	6.43877250046e-08
1.988	6.43549348758e-08
1.989	6.43175592338e-08
1.99	6.4275611634e-08
1.991	6.42291128997e-08
1.992	6.41725599768e-08
1.993	6.40732090726e-08
1.994	6.39371337276e-08
1.995	6.37972432322e-08
1.996	6.36535882454e-08
1.997	6.35062233778e-08
1.998	6.31308608922e-08
1.999	6.27538473308e-08
2	6.23796894257e-08
