/*--------------------------------*- C++ -*----------------------------------*\
| =========                 |                                                 |
| \\      /  F ield         | OpenFOAM: The Open Source CFD Toolbox           |
|  \\    /   O peration     | Version:  2312                                  |
|   \\  /    A nd           | Website:  www.openfoam.com                      |
|    \\/     M anipulation  |                                                 |
\*---------------------------------------------------------------------------*/
FoamFile
{
    version     2.0;
    format      ascii;
    arch        "LSB;label=32;scalar=64";
    class       faceList;
    location    "constant/polyMesh";
    object      faces;
}
// * * * * * * * * * * * * * * * * * * * * * * * * * * * * * * * * * * * * * //


256
(
4(1 53 157 105)
4(2 54 158 106)
4(3 55 159 107)
4(4 56 160 108)
4(5 57 161 109)
4(6 58 162 110)
4(7 59 163 111)
4(8 60 164 112)
4(9 61 165 113)
4(10 62 166 114)
4(11 63 167 115)
4(12 64 168 116)
4(13 65 169 117)
4(14 66 170 118)
4(15 67 171 119)
4(16 68 172 120)
4(17 69 173 121)
4(18 70 174 122)
4(19 71 175 123)
4(20 72 176 124)
4(21 73 177 125)
4(22 74 178 126)
4(23 75 179 127)
4(24 76 180 128)
4(25 77 181 129)
4(26 78 182 130)
4(27 79 183 131)
4(28 80 184 132)
4(29 81 185 133)
4(30 82 186 134)
4(31 83 187 135)
4(32 84 188 136)
4(33 85 189 137)
4(34 86 190 138)
4(35 87 191 139)
4(36 88 192 140)
4(37 89 193 141)
4(38 90 194 142)
4(39 91 195 143)
4(40 92 196 144)
4(41 93 197 145)
4(42 94 198 146)
4(43 95 199 147)
4(44 96 200 148)
4(45 97 201 149)
4(46 98 202 150)
4(47 99 203 151)
4(48 100 204 152)
4(49 101 205 153)
4(50 102 206 154)
4(0 1 105 104)
4(1 2 106 105)
4(2 3 107 106)
4(3 4 108 107)
4(4 5 109 108)
4(5 6 110 109)
4(6 7 111 110)
4(7 8 112 111)
4(8 9 113 112)
4(9 10 114 113)
4(10 11 115 114)
4(11 12 116 115)
4(12 13 117 116)
4(13 14 118 117)
4(14 15 119 118)
4(15 16 120 119)
4(16 17 121 120)
4(17 18 122 121)
4(18 19 123 122)
4(19 20 124 123)
4(20 21 125 124)
4(21 22 126 125)
4(22 23 127 126)
4(23 24 128 127)
4(24 25 129 128)
4(25 26 130 129)
4(26 27 131 130)
4(27 28 132 131)
4(28 29 133 132)
4(29 30 134 133)
4(30 31 135 134)
4(31 32 136 135)
4(32 33 137 136)
4(33 34 138 137)
4(34 35 139 138)
4(35 36 140 139)
4(36 37 141 140)
4(37 38 142 141)
4(38 39 143 142)
4(39 40 144 143)
4(40 41 145 144)
4(41 42 146 145)
4(42 43 147 146)
4(43 44 148 147)
4(44 45 149 148)
4(45 46 150 149)
4(46 47 151 150)
4(47 48 152 151)
4(48 49 153 152)
4(49 50 154 153)
4(50 51 155 154)
4(52 156 157 53)
4(53 157 158 54)
4(54 158 159 55)
4(55 159 160 56)
4(56 160 161 57)
4(57 161 162 58)
4(58 162 163 59)
4(59 163 164 60)
4(60 164 165 61)
4(61 165 166 62)
4(62 166 167 63)
4(63 167 168 64)
4(64 168 169 65)
4(65 169 170 66)
4(66 170 171 67)
4(67 171 172 68)
4(68 172 173 69)
4(69 173 174 70)
4(70 174 175 71)
4(71 175 176 72)
4(72 176 177 73)
4(73 177 178 74)
4(74 178 179 75)
4(75 179 180 76)
4(76 180 181 77)
4(77 181 182 78)
4(78 182 183 79)
4(79 183 184 80)
4(80 184 185 81)
4(81 185 186 82)
4(82 186 187 83)
4(83 187 188 84)
4(84 188 189 85)
4(85 189 190 86)
4(86 190 191 87)
4(87 191 192 88)
4(88 192 193 89)
4(89 193 194 90)
4(90 194 195 91)
4(91 195 196 92)
4(92 196 197 93)
4(93 197 198 94)
4(94 198 199 95)
4(95 199 200 96)
4(96 200 201 97)
4(97 201 202 98)
4(98 202 203 99)
4(99 203 204 100)
4(100 204 205 101)
4(101 205 206 102)
4(102 206 207 103)
4(0 52 53 1)
4(1 53 54 2)
4(2 54 55 3)
4(3 55 56 4)
4(4 56 57 5)
4(5 57 58 6)
4(6 58 59 7)
4(7 59 60 8)
4(8 60 61 9)
4(9 61 62 10)
4(10 62 63 11)
4(11 63 64 12)
4(12 64 65 13)
4(13 65 66 14)
4(14 66 67 15)
4(15 67 68 16)
4(16 68 69 17)
4(17 69 70 18)
4(18 70 71 19)
4(19 71 72 20)
4(20 72 73 21)
4(21 73 74 22)
4(22 74 75 23)
4(23 75 76 24)
4(24 76 77 25)
4(25 77 78 26)
4(26 78 79 27)
4(27 79 80 28)
4(28 80 81 29)
4(29 81 82 30)
4(30 82 83 31)
4(31 83 84 32)
4(32 84 85 33)
4(33 85 86 34)
4(34 86 87 35)
4(35 87 88 36)
4(36 88 89 37)
4(37 89 90 38)
4(38 90 91 39)
4(39 91 92 40)
4(40 92 93 41)
4(41 93 94 42)
4(42 94 95 43)
4(43 95 96 44)
4(44 96 97 45)
4(45 97 98 46)
4(46 98 99 47)
4(47 99 100 48)
4(48 100 101 49)
4(49 101 102 50)
4(50 102 103 51)
4(104 105 157 156)
4(105 106 158 157)
4(106 107 159 158)
4(107 108 160 159)
4(108 109 161 160)
4(109 110 162 161)
4(110 111 163 162)
4(111 112 164 163)
4(112 113 165 164)
4(113 114 166 165)
4(114 115 167 166)
4(115 116 168 167)
4(116 117 169 168)
4(117 118 170 169)
4(118 119 171 170)
4(119 120 172 171)
4(120 121 173 172)
4(121 122 174 173)
4(122 123 175 174)
4(123 124 176 175)
4(124 125 177 176)
4(125 126 178 177)
4(126 127 179 178)
4(127 128 180 179)
4(128 129 181 180)
4(129 130 182 181)
4(130 131 183 182)
4(131 132 184 183)
4(132 133 185 184)
4(133 134 186 185)
4(134 135 187 186)
4(135 136 188 187)
4(136 137 189 188)
4(137 138 190 189)
4(138 139 191 190)
4(139 140 192 191)
4(140 141 193 192)
4(141 142 194 193)
4(142 143 195 194)
4(143 144 196 195)
4(144 145 197 196)
4(145 146 198 197)
4(146 147 199 198)
4(147 148 200 199)
4(148 149 201 200)
4(149 150 202 201)
4(150 151 203 202)
4(151 152 204 203)
4(152 153 205 204)
4(153 154 206 205)
4(154 155 207 206)
4(0 104 156 52)
4(51 103 207 155)
)


// ************************************************************************* //
