/*--------------------------------*- C++ -*----------------------------------*\
| =========                 |                                                 |
| \\      /  F ield         | OpenFOAM: The Open Source CFD Toolbox           |
|  \\    /   O peration     | Version:  2312                                  |
|   \\  /    A nd           | Website:  www.openfoam.com                      |
|    \\/     M anipulation  |                                                 |
\*---------------------------------------------------------------------------*/
FoamFile
{
    version     2.0;
    format      ascii;
    arch        "LSB;label=32;scalar=64";
    class       vectorField;
    location    "constant/polyMesh";
    object      points;
}
// * * * * * * * * * * * * * * * * * * * * * * * * * * * * * * * * * * * * * //


208
(
(0 0 0.02)
(0.0196078431373 0 0.02)
(0.0392156862745 0 0.02)
(0.0588235294118 0 0.02)
(0.078431372549 0 0.02)
(0.0980392156863 0 0.02)
(0.117647058824 0 0.02)
(0.137254901961 0 0.02)
(0.156862745098 0 0.02)
(0.176470588235 0 0.02)
(0.196078431373 0 0.02)
(0.21568627451 0 0.02)
(0.235294117647 0 0.02)
(0.254901960784 0 0.02)
(0.274509803922 0 0.02)
(0.294117647059 0 0.02)
(0.313725490196 0 0.02)
(0.333333333333 0 0.02)
(0.352941176471 0 0.02)
(0.372549019608 0 0.02)
(0.392156862745 0 0.02)
(0.411764705882 0 0.02)
(0.43137254902 0 0.02)
(0.450980392157 0 0.02)
(0.470588235294 0 0.02)
(0.490196078431 0 0.02)
(0.509803921569 0 0.02)
(0.529411764706 0 0.02)
(0.549019607843 0 0.02)
(0.56862745098 0 0.02)
(0.588235294118 0 0.02)
(0.607843137255 0 0.02)
(0.627450980392 0 0.02)
(0.647058823529 0 0.02)
(0.666666666667 0 0.02)
(0.686274509804 0 0.02)
(0.705882352941 0 0.02)
(0.725490196078 0 0.02)
(0.745098039216 0 0.02)
(0.764705882353 0 0.02)
(0.78431372549 0 0.02)
(0.803921568627 0 0.02)
(0.823529411765 0 0.02)
(0.843137254902 0 0.02)
(0.862745098039 0 0.02)
(0.882352941176 0 0.02)
(0.901960784314 0 0.02)
(0.921568627451 0 0.02)
(0.941176470588 0 0.02)
(0.960784313725 0 0.02)
(0.980392156863 0 0.02)
(1 0 0.02)
(0 0 0)
(0.0196078431373 0 0)
(0.0392156862745 0 0)
(0.0588235294118 0 0)
(0.078431372549 0 0)
(0.0980392156863 0 0)
(0.117647058824 0 0)
(0.137254901961 0 0)
(0.156862745098 0 0)
(0.176470588235 0 0)
(0.196078431373 0 0)
(0.21568627451 0 0)
(0.235294117647 0 0)
(0.254901960784 0 0)
(0.274509803922 0 0)
(0.294117647059 0 0)
(0.313725490196 0 0)
(0.333333333333 0 0)
(0.352941176471 0 0)
(0.372549019608 0 0)
(0.392156862745 0 0)
(0.411764705882 0 0)
(0.43137254902 0 0)
(0.450980392157 0 0)
(0.470588235294 0 0)
(0.490196078431 0 0)
(0.509803921569 0 0)
(0.529411764706 0 0)
(0.549019607843 0 0)
(0.56862745098 0 0)
(0.588235294118 0 0)
(0.607843137255 0 0)
(0.627450980392 0 0)
(0.647058823529 0 0)
(0.666666666667 0 0)
(0.686274509804 0 0)
(0.705882352941 0 0)
(0.725490196078 0 0)
(0.745098039216 0 0)
(0.764705882353 0 0)
(0.78431372549 0 0)
(0.803921568627 0 0)
(0.823529411765 0 0)
(0.843137254902 0 0)
(0.862745098039 0 0)
(0.882352941176 0 0)
(0.901960784314 0 0)
(0.921568627451 0 0)
(0.941176470588 0 0)
(0.960784313725 0 0)
(0.980392156863 0 0)
(1 0 0)
(0 0.02 0.02)
(0.0196078431373 0.02 0.02)
(0.0392156862745 0.02 0.02)
(0.0588235294118 0.02 0.02)
(0.078431372549 0.02 0.02)
(0.0980392156863 0.02 0.02)
(0.117647058824 0.02 0.02)
(0.137254901961 0.02 0.02)
(0.156862745098 0.02 0.02)
(0.176470588235 0.02 0.02)
(0.196078431373 0.02 0.02)
(0.21568627451 0.02 0.02)
(0.235294117647 0.02 0.02)
(0.254901960784 0.02 0.02)
(0.274509803922 0.02 0.02)
(0.294117647059 0.02 0.02)
(0.313725490196 0.02 0.02)
(0.333333333333 0.02 0.02)
(0.352941176471 0.02 0.02)
(0.372549019608 0.02 0.02)
(0.392156862745 0.02 0.02)
(0.411764705882 0.02 0.02)
(0.43137254902 0.02 0.02)
(0.450980392157 0.02 0.02)
(0.470588235294 0.02 0.02)
(0.490196078431 0.02 0.02)
(0.509803921569 0.02 0.02)
(0.529411764706 0.02 0.02)
(0.549019607843 0.02 0.02)
(0.56862745098 0.02 0.02)
(0.588235294118 0.02 0.02)
(0.607843137255 0.02 0.02)
(0.627450980392 0.02 0.02)
(0.647058823529 0.02 0.02)
(0.666666666667 0.02 0.02)
(0.686274509804 0.02 0.02)
(0.705882352941 0.02 0.02)
(0.725490196078 0.02 0.02)
(0.745098039216 0.02 0.02)
(0.764705882353 0.02 0.02)
(0.78431372549 0.02 0.02)
(0.803921568627 0.02 0.02)
(0.823529411765 0.02 0.02)
(0.843137254902 0.02 0.02)
(0.862745098039 0.02 0.02)
(0.882352941176 0.02 0.02)
(0.901960784314 0.02 0.02)
(0.921568627451 0.02 0.02)
(0.941176470588 0.02 0.02)
(0.960784313725 0.02 0.02)
(0.980392156863 0.02 0.02)
(1 0.02 0.02)
(0 0.02 0)
(0.0196078431373 0.02 0)
(0.0392156862745 0.02 0)
(0.0588235294118 0.02 0)
(0.078431372549 0.02 0)
(0.0980392156863 0.02 0)
(0.117647058824 0.02 0)
(0.137254901961 0.02 0)
(0.156862745098 0.02 0)
(0.176470588235 0.02 0)
(0.196078431373 0.02 0)
(0.21568627451 0.02 0)
(0.235294117647 0.02 0)
(0.254901960784 0.02 0)
(0.274509803922 0.02 0)
(0.294117647059 0.02 0)
(0.313725490196 0.02 0)
(0.333333333333 0.02 0)
(0.352941176471 0.02 0)
(0.372549019608 0.02 0)
(0.392156862745 0.02 0)
(0.411764705882 0.02 0)
(0.43137254902 0.02 0)
(0.450980392157 0.02 0)
(0.470588235294 0.02 0)
(0.490196078431 0.02 0)
(0.509803921569 0.02 0)
(0.529411764706 0.02 0)
(0.549019607843 0.02 0)
(0.56862745098 0.02 0)
(0.588235294118 0.02 0)
(0.607843137255 0.02 0)
(0.627450980392 0.02 0)
(0.647058823529 0.02 0)
(0.666666666667 0.02 0)
(0.686274509804 0.02 0)
(0.705882352941 0.02 0)
(0.725490196078 0.02 0)
(0.745098039216 0.02 0)
(0.764705882353 0.02 0)
(0.78431372549 0.02 0)
(0.803921568627 0.02 0)
(0.823529411765 0.02 0)
(0.843137254902 0.02 0)
(0.862745098039 0.02 0)
(0.882352941176 0.02 0)
(0.901960784314 0.02 0)
(0.921568627451 0.02 0)
(0.941176470588 0.02 0)
(0.960784313725 0.02 0)
(0.980392156863 0.02 0)
(1 0.02 0)
)


// ************************************************************************* //
