0.001	0.00313783879933
0.002	0.00313651763301
0.003	0.0031337637282
0.004	0.0031310966278
0.005	0.00312851535037
0.006	0.00312601892901
0.007	0.00312360641198
0.008	0.00312127686314
0.009	0.00311902936249
0.01	0.00311686300653
0.011	0.00311477690868
0.012	0.00311277019954
0.013	0.0031108420272
0.014	0.00310899155743
0.015	0.0031072179739
0.016	0.00310552047825
0.017	0.00310389829023
0.018	0.00310235064775
0.019	0.00310087680684
0.02	0.00310003971078
0.021	0.00310035772743
0.022	0.00310076237842
0.023	0.00310125314776
0.024	0.00310182953857
0.025	0.00310138697165
0.026	0.00309951959257
0.027	0.00309733335041
0.028	0.00309523165728
0.029	0.00309321356444
0.03	0.00309127814381
0.031	0.0030894244877
0.032	0.0030876517086
0.033	0.003085958939
0.034	0.00308434533109
0.035	0.00308281005661
0.036	0.00308135230655
0.037	0.00307997129091
0.038	0.00307866623847
0.039	0.00307743639651
0.04	0.00307628103051
0.041	0.00307519942392
0.042	0.00307419087782
0.043	0.00307325468453
0.044	0.00307239016248
0.045	0.00307159666634
0.046	0.00307087356711
0.047	0.00307118746454
0.048	0.00307165683593
0.049	0.00307070182009
0.05	0.00306884060673
0.051	0.00306706549079
0.052	0.00306537552403
0.053	0.00306376977978
0.054	0.00306224735242
0.055	0.00306080735693
0.056	0.00305944892845
0.057	0.00305817122184
0.058	0.00305697341126
0.059	0.00305585468973
0.06	0.00305481426877
0.061	0.00305385137798
0.062	0.00305296526462
0.063	0.00305215519328
0.064	0.00305142044546
0.065	0.00305076031066
0.066	0.00305017406288
0.067	0.00304966103484
0.068	0.00304922057458
0.069	0.00304885204505
0.07	0.0030485548238
0.071	0.00304832830263
0.072	0.00304673337849
0.073	0.00304498933664
0.074	0.00304334278786
0.075	0.00304178645547
0.076	0.00304031936357
0.077	0.00303894055777
0.078	0.00303764910463
0.079	0.00303644409109
0.08	0.00303532462396
0.081	0.00303428982939
0.082	0.00303333885242
0.083	0.00303247085647
0.084	0.00303168502288
0.085	0.00303098055052
0.086	0.0030303566553
0.087	0.00302981256977
0.088	0.00302934749508
0.089	0.00302896069136
0.09	0.00302865144158
0.091	0.00302841904362
0.092	0.00302826280989
0.093	0.00302818206699
0.094	0.00302817615536
0.095	0.00302737954826
0.096	0.00302513560271
0.097	0.00302233247071
0.098	0.00302087910049
0.099	0.00301951961018
0.1	0.0030182530025
0.101	0.00301707830108
0.102	0.00301599454981
0.103	0.00301500081232
0.104	0.00301409617139
0.105	0.00301327972844
0.106	0.00301255060306
0.107	0.00301190793249
0.108	0.00301135087118
0.109	0.00301087859037
0.11	0.00301049027763
0.111	0.00301018513643
0.112	0.00300996238581
0.113	0.0030098212599
0.114	0.00300976100762
0.115	0.00300978084974
0.116	0.00300988005074
0.117	0.00301005790461
0.118	0.00301021640302
0.119	0.00300891549212
0.12	0.00300625724085
0.121	0.003003679043
0.122	0.00300123386706
0.123	0.00300001748124
0.124	0.00299889743534
0.125	0.00299787273285
0.126	0.00299694239756
0.127	0.00299610547289
0.128	0.00299536102136
0.129	0.00299470812405
0.13	0.00299414588002
0.131	0.00299367340586
0.132	0.00299328983522
0.133	0.00299299431829
0.134	0.0029927860214
0.135	0.00299266412662
0.136	0.00299262783128
0.137	0.00299267634762
0.138	0.00299280890238
0.139	0.00299302473646
0.14	0.0029933231045
0.141	0.00299370327459
0.142	0.00299351092032
0.143	0.00299184714299
0.144	0.00298936551624
0.145	0.00298696787737
0.146	0.00298465295279
0.147	0.002982957412
0.148	0.00298196466494
0.149	0.00298107080457
0.15	0.00298027481146
0.151	0.00297957568687
0.152	0.00297897245212
0.153	0.002978464148
0.154	0.00297804983418
0.155	0.00297772858865
0.156	0.0029774995072
0.157	0.00297736170293
0.158	0.00297731430576
0.159	0.00297735646195
0.16	0.00297748733365
0.161	0.00297770609853
0.162	0.00297801193776
0.163	0.00297840401429
0.164	0.00297888155275
0.165	0.00297886058285
0.166	0.00297737909521
0.167	0.0029750252275
0.168	0.00297275817678
0.169	0.0029705766644
0.17	0.00296847943283
0.171	0.00296646524497
0.172	0.00296540846696
0.173	0.00296466697767
0.174	0.00296402478411
0.175	0.0029634809147
0.176	0.00296303439617
0.177	0.00296268426741
0.178	0.00296242961353
0.179	0.00296226953659
0.18	0.00296220315509
0.181	0.00296222960353
0.182	0.00296234803198
0.183	0.00296255760564
0.184	0.00296285750448
0.185	0.0029632469228
0.186	0.00296372653559
0.187	0.00296429406358
0.188	0.00296432263131
0.189	0.00296291413973
0.19	0.00296069688097
0.191	0.00295856749735
0.192	0.00295652477316
0.193	0.00295456746472
0.194	0.00295269438788
0.195	0.00295090438024
0.196	0.00294962792873
0.197	0.00294906440437
0.198	0.0029486001863
0.199	0.00294823437354
0.2	0.0029479660805
0.201	0.00294779443648
0.202	0.00294771858532
0.203	0.00294773768498
0.204	0.00294785090718
0.205	0.00294805743703
0.206	0.00294835647271
0.207	0.00294874722514
0.208	0.00294922891767
0.209	0.00294980076244
0.21	0.00295046197409
0.211	0.00295081116871
0.212	0.00294972697528
0.213	0.00294761195395
0.214	0.0029455866463
0.215	0.00294364984908
0.216	0.00294180037492
0.217	0.00294003705184
0.218	0.00293835872282
0.219	0.00293676424533
0.22	0.00293528948005
0.221	0.00293487193389
0.222	0.00293455427645
0.223	0.00293433563478
0.224	0.00293421515032
0.225	0.00293419197847
0.226	0.00293426528828
0.227	0.00293443426203
0.228	0.00293469809496
0.229	0.00293505599489
0.23	0.00293550718193
0.231	0.00293605084876
0.232	0.00293668621356
0.233	0.00293741253538
0.234	0.0029381056364
0.235	0.00293737105625
0.236	0.00293533367118
0.237	0.0029333879848
0.238	0.00293153278182
0.239	0.00292976686321
0.24	0.00292808904571
0.241	0.00292649816131
0.242	0.0029249930568
0.243	0.00292357259331
0.244	0.00292223564582
0.245	0.00292162311475
0.246	0.00292144879768
0.247	0.00292137406853
0.248	0.00292139808049
0.249	0.00292152000064
0.25	0.00292173900961
0.251	0.00292205430116
0.252	0.00292246508187
0.253	0.00292297051418
0.254	0.00292356981144
0.255	0.0029242622212
0.256	0.00292504700221
0.257	0.00292592342409
0.258	0.00292573864839
0.259	0.00292412422862
0.26	0.00292223393128
0.261	0.00292043638267
0.262	0.00291873035905
0.263	0.00291711465323
0.264	0.002915588074
0.265	0.00291414944564
0.266	0.00291279760739
0.267	0.00291153141297
0.268	0.00291034973008
0.269	0.00290980899173
0.27	0.00290976484996
0.271	0.00290982137221
0.272	0.00290997771806
0.273	0.00291023306124
0.274	0.00291058658925
0.275	0.00291103750297
0.276	0.00291158501321
0.277	0.00291222826313
0.278	0.00291296649686
0.279	0.00291379897015
0.28	0.00291472495001
0.281	0.00291515214541
0.282	0.00291414696666
0.283	0.00291230384781
0.284	0.00291055612664
0.285	0.00290890254845
0.286	0.0029073418763
0.287	0.00290587289045
0.288	0.00290449438777
0.289	0.00290320518117
0.29	0.00290200409907
0.291	0.00290088998485
0.292	0.00289986169635
0.293	0.00289904155308
0.294	0.00289911803014
0.295	0.00289929593589
0.296	0.00289957442523
0.297	0.00289995266775
0.298	0.00290042984722
0.299	0.00290100516121
0.3	0.00290167777557
0.301	0.00290244686712
0.302	0.00290331167826
0.303	0.00290427146329
0.304	0.00290532548806
0.305	0.00290504722999
0.306	0.00290333309394
0.307	0.00290161119679
0.308	0.00289998581671
0.309	0.00289845568155
0.31	0.00289701953758
0.311	0.00289567614878
0.312	0.00289442429627
0.313	0.00289323243055
0.314	0.00289212952669
0.315	0.00289111441334
0.316	0.002890185934
0.317	0.00288934294652
0.318	0.0028891219844
0.319	0.00288939043567
0.32	0.00288975983505
0.321	0.00289022934786
0.322	0.00289079815407
0.323	0.00289146544789
0.324	0.00289223040474
0.325	0.00289309217885
0.326	0.00289405001072
0.327	0.00289510315304
0.328	0.0028955896489
0.329	0.00289463318266
0.33	0.00289289902407
0.331	0.00289126338699
0.332	0.0028897249615
0.333	0.00288828245745
0.334	0.00288693460374
0.335	0.00288568014765
0.336	0.00288451785424
0.337	0.00288344650568
0.338	0.00288246490066
0.339	0.00288157185378
0.34	0.002880766195
0.341	0.00288004676908
0.342	0.0028801241576
0.343	0.00288048259875
0.344	0.00288094273912
0.345	0.002881503737
0.346	0.00288216476583
0.347	0.00288292501375
0.348	0.00288378365261
0.349	0.00288473982264
0.35	0.00288579276001
0.351	0.00288694171345
0.352	0.00288683460962
0.353	0.00288528004624
0.354	0.00288363356043
0.355	0.00288208666883
0.356	0.00288063804383
0.357	0.0028792863782
0.358	0.00287803038436
0.359	0.00287686879371
0.36	0.00287580035593
0.361	0.00287482383833
0.362	0.00287393802522
0.363	0.00287314171728
0.364	0.00287243373096
0.365	0.00287181289794
0.366	0.00287179412322
0.367	0.00287223580739
0.368	0.00287277997385
0.369	0.00287342577264
0.37	0.00287417236945
0.371	0.00287501894508
0.372	0.00287596469503
0.373	0.00287700871589
0.374	0.00287815023807
0.375	0.0028789587184
0.376	0.0028783115488
0.377	0.0028766438663
0.378	0.00287507818836
0.379	0.00287361314565
0.38	0.00287224739069
0.381	0.00287097959705
0.382	0.00286980845863
0.383	0.0028687326889
0.384	0.00286775102023
0.385	0.00286686220318
0.386	0.00286606500584
0.387	0.00286535821319
0.388	0.0028647406265
0.389	0.00286421106267
0.39	0.00286431036907
0.391	0.00286482702969
0.392	0.00286544682162
0.393	0.00286616888779
0.394	0.00286699238719
0.395	0.00286791649441
0.396	0.00286894039913
0.397	0.00287006325289
0.398	0.00287128421318
0.399	0.00287158576501
0.4	0.00287042701154
0.401	0.0028688306976
0.402	0.00286733730128
0.403	0.00286594543749
0.404	0.00286465374354
0.405	0.00286346087838
0.406	0.00286236552178
0.407	0.0028613663736
0.408	0.00286046215303
0.409	0.00285965159792
0.41	0.0028589334641
0.411	0.00285830652465
0.412	0.00285776956932
0.413	0.00285732140389
0.414	0.00285741332577
0.415	0.00285799933185
0.416	0.00285868910815
0.417	0.00285948179119
0.418	0.00286037653393
0.419	0.00286137250529
0.42	0.00286246888965
0.421	0.00286366482144
0.422	0.00286495946158
0.423	0.00286483226885
0.424	0.00286323901787
0.425	0.00286170541292
0.426	0.00286027565959
0.427	0.00285894835474
0.428	0.00285772211827
0.429	0.00285659559232
0.43	0.00285556744044
0.431	0.00285463634682
0.432	0.00285380101553
0.433	0.00285306016981
0.434	0.00285241255131
0.435	0.00285185691945
0.436	0.00285139205072
0.437	0.00285101673807
0.438	0.00285123114058
0.439	0.00285187875545
0.44	0.00285263074219
0.441	0.00285348622964
0.442	0.00285444436355
0.443	0.00285550430602
0.444	0.00285666523505
0.445	0.00285792631773
0.446	0.00285879898613
0.447	0.00285819804585
0.448	0.00285661842915
0.449	0.00285514484147
0.45	0.00285377584289
0.451	0.00285251001791
0.452	0.0028513459745
0.453	0.0028502823433
0.454	0.00284931777672
0.455	0.00284845094824
0.456	0.00284768055155
0.457	0.00284700529983
0.458	0.00284642392503
0.459	0.00284593517715
0.46	0.00284553782356
0.461	0.00284523064834
0.462	0.00284549268573
0.463	0.00284619925309
0.464	0.00284701070859
0.465	0.00284792617607
0.466	0.00284894479658
0.467	0.00285006572784
0.468	0.00285128814368
0.469	0.00285261122305
0.47	0.00285309376209
0.471	0.00285209734354
0.472	0.00285057038497
0.473	0.00284915016742
0.474	0.00284783523916
0.475	0.00284662417324
0.476	0.00284551556658
0.477	0.0028445080391
0.478	0.00284360023289
0.479	0.00284279081137
0.48	0.00284207845853
0.481	0.00284146187813
0.482	0.00284093979298
0.483	0.00284051094423
0.484	0.00284017409064
0.485	0.00283992800794
0.486	0.00284033161251
0.487	0.00284109123647
0.488	0.00284195622381
0.489	0.00284292569356
0.49	0.00284399878225
0.491	0.00284517464333
0.492	0.00284645244664
0.493	0.00284783137794
0.494	0.00284790881541
0.495	0.00284650407384
0.496	0.0028450266554
0.497	0.00284365661481
0.498	0.00284239248884
0.499	0.00284123283946
0.5	0.00284017625291
0.501	0.0028392213388
0.502	0.0028383667293
0.503	0.00283761107822
0.504	0.00283695306029
0.505	0.00283639137032
0.506	0.00283592472246
0.507	0.00283555184947
0.508	0.002835271502
0.509	0.00283508244791
0.51	0.00283557148323
0.511	0.00283638134175
0.512	0.00283729700027
0.513	0.00283831757327
0.514	0.00283944219295
0.515	0.00284067000869
0.516	0.00284200018656
0.517	0.00284319648096
0.518	0.00284290166425
0.519	0.00284135981497
0.52	0.00283992740896
0.521	0.00283860294718
0.522	0.00283738495704
0.523	0.00283627199153
0.524	0.00283526262821
0.525	0.00283435546833
0.526	0.00283354913594
0.527	0.00283284227708
0.528	0.00283223355889
0.529	0.0028317216689
0.53	0.00283130531418
0.531	0.00283098322065
0.532	0.00283075413231
0.533	0.00283061681059
0.534	0.00283126527376
0.535	0.00283212123209
0.536	0.00283308337762
0.537	0.00283415082116
0.538	0.00283532269146
0.539	0.0028365981347
0.54	0.00283797631392
0.541	0.00283881748061
0.542	0.00283816407318
0.543	0.00283666418949
0.544	0.00283527426969
0.545	0.00283399280536
0.546	0.00283281831493
0.547	0.00283174934267
0.548	0.00283078445779
0.549	0.00282992225343
0.55	0.00282916134587
0.551	0.00282850037359
0.552	0.00282793799647
0.553	0.00282747289496
0.554	0.00282710376935
0.555	0.00282682933894
0.556	0.00282664834135
0.557	0.0028265595318
0.558	0.00282732099338
0.559	0.00282822058133
0.56	0.0028292267134
0.561	0.00283033849689
0.562	0.00283155505724
0.563	0.00283287553755
0.564	0.00283429909794
0.565	0.00283479268037
0.566	0.00283378802096
0.567	0.00283232677402
0.568	0.00283097594388
0.569	0.00282973401468
0.57	0.00282859949764
0.571	0.00282757093011
0.572	0.00282664687462
0.573	0.00282582591789
0.574	0.00282510666996
0.575	0.00282448776333
0.576	0.00282396785209
0.577	0.0028235456111
0.578	0.00282321973521
0.579	0.00282298893851
0.58	0.00282285195352
0.581	0.00282292073076
0.582	0.00282375294157
0.583	0.00282469292485
0.584	0.0028257397662
0.585	0.00282689257021
0.586	0.00282815045982
0.587	0.00282951257572
0.588	0.00283097807588
0.589	0.00283114151018
0.59	0.00282980401523
0.591	0.00282837958178
0.592	0.00282706596387
0.593	0.00282586163883
0.594	0.0028247651114
0.595	0.00282377491263
0.596	0.00282288959898
0.597	0.00282210775132
0.598	0.00282142797404
0.599	0.00282084889417
0.6	0.00282036916051
0.601	0.00281998744283
0.602	0.00281970243101
0.603	0.00281951283433
0.604	0.00281941738068
0.605	0.00281962488758
0.606	0.00282049529219
0.607	0.00282147375407
0.608	0.00282255935632
0.609	0.00282375120117
0.61	0.00282504840935
0.611	0.00282645011954
0.612	0.00282778634662
0.613	0.00282761348882
0.614	0.00282611050287
0.615	0.00282472023319
0.616	0.00282344112313
0.617	0.00282227164468
0.618	0.00282121029737
0.619	0.00282025560731
0.62	0.00281940612616
0.621	0.00281866043016
0.622	0.00281801711926
0.623	0.00281747481619
0.624	0.00281703216559
0.625	0.00281668783321
0.626	0.00281644050506
0.627	0.00281628888664
0.628	0.00281623170221
0.629	0.0028166304168
0.63	0.00281753684798
0.631	0.00281855158228
0.632	0.00281967370096
0.633	0.00282090230451
0.634	0.00282223651208
0.635	0.00282367546087
0.636	0.00282469927911
0.637	0.00282421140321
0.638	0.00282274140043
0.639	0.00282138440653
0.64	0.00282013886012
0.641	0.00281900322864
0.642	0.00281797600724
0.643	0.00281705571779
0.644	0.00281624090786
0.645	0.00281553014977
0.646	0.00281492203965
0.647	0.00281441519655
0.648	0.00281400826156
0.649	0.00281369989697
0.65	0.00281348878545
0.651	0.00281337362929
0.652	0.00281335314956
0.653	0.00281390461507
0.654	0.00281484564201
0.655	0.00281589518556
0.656	0.00281705232558
0.657	0.00281831616128
0.658	0.00281968581063
0.659	0.00282116040975
0.66	0.00282186249382
0.661	0.00282105018782
0.662	0.00281961101113
0.663	0.00281828509156
0.664	0.0028170708641
0.665	0.00281596679265
0.666	0.00281497136903
0.667	0.00281408311185
0.668	0.00281330056556
0.669	0.0028126222995
0.67	0.0028120469069
0.671	0.00281157300401
0.672	0.00281119922923
0.673	0.00281092424226
0.674	0.00281074672325
0.675	0.00281066537203
0.676	0.00281067890733
0.677	0.00281142714188
0.678	0.00281240243359
0.679	0.00281348640216
0.68	0.0028146781259
0.681	0.00281597670291
0.682	0.00281738125044
0.683	0.00281889090423
0.684	0.00281929023659
0.685	0.00281817332695
0.686	0.00281676571702
0.687	0.00281547154402
0.688	0.00281428923422
0.689	0.00281321724972
0.69	0.00281225408058
0.691	0.00281139824375
0.692	0.00281064828207
0.693	0.00281000276329
0.694	0.00280946027906
0.695	0.0028090194441
0.696	0.0028086788952
0.697	0.00280843729047
0.698	0.00280829330841
0.699	0.00280824564718
0.7	0.00280831714969
0.701	0.00280921379689
0.702	0.00281022022716
0.703	0.00281133549865
0.704	0.00281255868953
0.705	0.00281388889743
0.706	0.00281532523878
0.707	0.00281686684824
0.708	0.00281694577456
0.709	0.00281550640337
0.71	0.00281412653827
0.711	0.00281286028688
0.712	0.00281170606635
0.713	0.00281066233584
0.714	0.0028097275825
0.715	0.00280890032045
0.716	0.00280817908972
0.717	0.00280756245527
0.718	0.00280704900605
0.719	0.00280663735409
0.72	0.0028063261336
0.721	0.00280611400007
0.722	0.0028059996295
0.723	0.00280598171754
0.724	0.00280636481687
0.725	0.00280728978108
0.726	0.00280832466739
0.727	0.00280946853279
0.728	0.00281072045443
0.729	0.002812079529
0.73	0.0028135448721
0.731	0.00281484999907
0.732	0.0028146297294
0.733	0.00281316097144
0.734	0.00281180769214
0.735	0.00281056814788
0.736	0.00280944075015
0.737	0.00280842395529
0.738	0.00280751624772
0.739	0.00280671613887
0.74	0.00280602216617
0.741	0.00280543289208
0.742	0.00280494690311
0.743	0.00280456280893
0.744	0.00280427924149
0.745	0.00280409485411
0.746	0.0028040083207
0.747	0.00280401833492
0.748	0.00280446607525
0.749	0.0028054197345
0.75	0.00280648338287
0.751	0.00280765607661
0.752	0.00280893689218
0.753	0.00281032492566
0.754	0.00281181929211
0.755	0.00281280786217
0.756	0.00281226924964
0.757	0.00281082642535
0.758	0.00280949915317
0.759	0.00280828568991
0.76	0.00280718444421
0.761	0.00280619387165
0.762	0.00280531245593
0.763	0.00280453870778
0.764	0.00280387116398
0.765	0.00280330838633
0.766	0.00280284896073
0.767	0.00280249149625
0.768	0.00280223462423
0.769	0.00280207699741
0.77	0.00280201728912
0.771	0.00280205419245
0.772	0.00280290633906
0.773	0.00280389536139
0.774	0.00280499472795
0.775	0.00280620349946
0.776	0.00280752075691
0.777	0.00280894560098
0.778	0.00281047715138
0.779	0.00281118199754
0.78	0.00281035847287
0.781	0.00280895125571
0.782	0.00280765990183
0.783	0.00280648266747
0.784	0.00280541796703
0.785	0.00280446425907
0.786	0.0028036200303
0.787	0.00280288379453
0.788	0.00280225409166
0.789	0.00280172948667
0.79	0.00280130856869
0.791	0.00280098995005
0.792	0.00280077226542
0.793	0.00280065417091
0.794	0.00280063434325
0.795	0.00280071147896
0.796	0.00280155435567
0.797	0.00280257644721
0.798	0.00280370896459
0.799	0.00280495096899
0.8	0.00280630154188
0.801	0.00280775978442
0.802	0.0028093248168
0.803	0.00280972709019
0.804	0.00280860016824
0.805	0.00280722443862
0.806	0.00280596462982
0.807	0.00280481899572
0.808	0.00280378595302
0.809	0.00280286396048
0.81	0.00280205150503
0.811	0.00280134710074
0.812	0.00280074928774
0.813	0.00280025663128
0.814	0.00279986772075
0.815	0.00279958116874
0.816	0.00279939561016
0.817	0.00279930970136
0.818	0.00279932211927
0.819	0.00279943156064
0.82	0.00280009499218
0.821	0.00280113508567
0.822	0.00280228556692
0.823	0.00280354842095
0.824	0.00280491950338
0.825	0.00280639791497
0.826	0.00280798277551
0.827	0.00280807515774
0.828	0.00280663721193
0.829	0.00280527852044
0.83	0.00280403534106
0.831	0.00280290592207
0.832	0.00280188868659
0.833	0.00280098209368
0.834	0.00280018463051
0.835	0.00279949481125
0.836	0.00279891117608
0.837	0.00279843229018
0.838	0.00279805674279
0.839	0.00279778314626
0.84	0.00279761013521
0.841	0.0027975363656
0.842	0.00279756051393
0.843	0.00279795869751
0.844	0.00279891416052
0.845	0.00279998069013
0.846	0.00280115732783
0.847	0.00280244313606
0.848	0.00280383719752
0.849	0.00280533861456
0.85	0.00280666350655
0.851	0.00280645118609
0.852	0.00280499683229
0.853	0.00280365962672
0.854	0.00280243792475
0.855	0.00280132997284
0.856	0.00280033420232
0.857	0.00279944907367
0.858	0.00279867307541
0.859	0.00279800472302
0.86	0.00279744255796
0.861	0.00279698514667
0.862	0.00279663107958
0.863	0.00279637897022
0.864	0.00279622745433
0.865	0.00279617518896
0.866	0.00279622085166
0.867	0.00279672859512
0.868	0.00279770958275
0.869	0.00279880176486
0.87	0.00280000418268
0.871	0.00280131589839
0.872	0.00280273599443
0.873	0.0028042635729
0.874	0.00280528101139
0.875	0.00280476062766
0.876	0.00280333175472
0.877	0.0028020200591
0.878	0.00280082389197
0.879	0.00279974150411
0.88	0.00279877132678
0.881	0.00279791182036
0.882	0.00279716147322
0.883	0.00279651880069
0.884	0.00279598234401
0.885	0.00279555066938
0.886	0.00279522236696
0.887	0.00279499604998
0.888	0.00279487035385
0.889	0.00279484393525
0.89	0.00279491547135
0.891	0.0027957034997
0.892	0.00279670924566
0.893	0.00279782613716
0.894	0.00279905321782
0.895	0.0028003895522
0.896	0.00280183422509
0.897	0.00280338634093
0.898	0.00280410799768
0.899	0.00280329126714
0.9	0.0028018859499
0.901	0.00280059771481
0.902	0.00279942492337
0.903	0.00279836583921
0.904	0.00279741887727
0.905	0.00279658250041
0.906	0.00279585519942
0.907	0.00279523549199
0.908	0.00279472192167
0.909	0.0027943130569
0.91	0.00279400749004
0.911	0.00279380383644
0.912	0.00279370073359
0.913	0.00279369684018
0.914	0.00279382325635
0.915	0.00279474245164
0.916	0.00279577378048
0.917	0.00279691626725
0.918	0.00279816895791
0.919	0.00279953091925
0.92	0.00280100123828
0.921	0.00280257902158
0.922	0.00280301775728
0.923	0.00280191691513
0.924	0.00280053482964
0.925	0.00279926981184
0.926	0.00279812019562
0.927	0.00279708425589
0.928	0.00279616042688
0.929	0.00279534717182
0.93	0.00279464298189
0.931	0.00279404637516
0.932	0.00279355589553
0.933	0.00279317011176
0.934	0.00279288761656
0.935	0.00279270702557
0.936	0.00279262697655
0.937	0.00279264612847
0.938	0.00279300862512
0.939	0.00279395104428
0.94	0.00279500557152
0.941	0.00279617123247
0.942	0.00279744707433
0.943	0.00279883216516
0.944	0.00280032559325
0.945	0.00280192646645
0.946	0.00280204123244
0.947	0.00280061735663
0.948	0.00279925972922
0.949	0.00279801900794
0.95	0.00279689352275
0.951	0.00279588156114
0.952	0.00279498156126
0.953	0.00279419199017
0.954	0.00279351134273
0.955	0.00279293814055
0.956	0.00279247093097
0.957	0.00279210828606
0.958	0.00279184880169
0.959	0.00279169109659
0.96	0.00279163381147
0.961	0.00279167560814
0.962	0.00279221074142
0.963	0.00279317885037
0.964	0.00279425901473
0.965	0.00279545026345
0.966	0.00279675164694
0.967	0.00279816223638
0.968	0.00279968112309
0.969	0.00280101904022
0.97	0.00280081195499
0.971	0.00279936130391
0.972	0.00279802905092
0.973	0.00279681353536
0.974	0.0027957130763
0.975	0.00279472598448
0.976	0.00279385070341
0.977	0.0027930857053
0.978	0.00279242948992
0.979	0.0027918805836
0.98	0.00279143753819
0.981	0.00279109893009
0.982	0.00279086335932
0.983	0.00279072944859
0.984	0.0027906958424
0.985	0.0027907612062
0.986	0.00279151467
0.987	0.00279250716244
0.988	0.0027936116124
0.989	0.00279482705264
0.99	0.00279615253727
0.991	0.00279758714107
0.992	0.00279912995885
0.993	0.00280017787829
0.994	0.00279968057702
0.995	0.00279825343493
0.996	0.00279694454216
0.997	0.00279575224087
0.998	0.00279467483119
0.999	0.00279371064861
1	0.00279285813911
1.001	0.00279211577724
1.002	0.00279148206506
1.003	0.00279095553113
1.004	0.00279053472942
1.005	0.00279021823842
1.006	0.00279000466012
1.007	0.00278989261916
1.008	0.00278988076188
1.009	0.00279000308348
1.01	0.00279090720142
1.011	0.00279192420813
1.012	0.00279305311688
1.013	0.00279429296289
1.014	0.00279564280266
1.015	0.00279710171333
1.016	0.00279866879203
1.017	0.00279937386431
1.018	0.00279853414841
1.019	0.0027971323618
1.02	0.00279584862863
1.021	0.00279468129643
1.022	0.00279362866208
1.023	0.00279268907558
1.024	0.00279186098771
1.025	0.00279114287773
1.026	0.00279053325222
1.027	0.00279003064407
1.028	0.00278963361147
1.029	0.00278934073697
1.03	0.00278915062647
1.031	0.00278906190837
1.032	0.00278907323265
1.033	0.00278940618357
1.034	0.00279033470947
1.035	0.00279137600869
1.036	0.00279252909822
1.037	0.00279379301696
1.038	0.00279516682498
1.039	0.0027966496029
1.04	0.0027982404512
1.041	0.00279867420845
1.042	0.00279756303687
1.043	0.00279618430407
1.044	0.00279492345368
1.045	0.00279377883659
1.046	0.00279274872821
1.047	0.00279183150781
1.048	0.00279102562906
1.049	0.002790329574
1.05	0.00278974185187
1.051	0.00278926099813
1.052	0.00278888557346
1.053	0.00278861416274
1.054	0.00278844537418
1.055	0.00278837783834
1.056	0.0027884102073
1.057	0.00278892496334
1.058	0.00278987760957
1.059	0.0027909429523
1.06	0.00279212001128
1.061	0.0027934078281
1.062	0.00279480546545
1.063	0.00279631200649
1.064	0.00279792655421
1.065	0.00279800812928
1.066	0.00279654582184
1.067	0.00279519218544
1.068	0.00279395622163
1.069	0.00279283628647
1.07	0.00279183065116
1.071	0.00279093770931
1.072	0.00279015591925
1.073	0.00278948376748
1.074	0.00278891976758
1.075	0.00278846245921
1.076	0.00278811040706
1.077	0.00278786219994
1.078	0.00278771644979
1.079	0.00278767179083
1.08	0.00278772687863
1.081	0.00278844490082
1.082	0.00278942188137
1.083	0.00279051143296
1.084	0.00279171257899
1.085	0.0027930243646
1.086	0.00279444585593
1.087	0.0027959761395
1.088	0.00279733830484
1.089	0.00279715000517
1.09	0.00279570035184
1.091	0.00279436984355
1.092	0.00279315680701
1.093	0.00279205960227
1.094	0.00279107647684
1.095	0.00279020585725
1.096	0.0027894462053
1.097	0.00278879601081
1.098	0.00278825379055
1.099	0.00278781808726
1.1	0.00278748746857
1.101	0.00278726052611
1.102	0.00278713587455
1.103	0.00278711215069
1.104	0.00278720874769
1.105	0.00278809598435
1.106	0.0027890966928
1.107	0.00279020987717
1.108	0.00279143456396
1.109	0.00279276980126
1.11	0.00279421465815
1.111	0.00279576822399
1.112	0.00279677236841
1.113	0.00279622677467
1.114	0.00279480214377
1.115	0.00279349642728
1.116	0.00279230795737
1.117	0.0027912350947
1.118	0.00279027609096
1.119	0.00278942938371
1.12	0.00278869343946
1.121	0.00278806675261
1.122	0.00278754784434
1.123	0.00278713526161
1.124	0.00278682757618
1.125	0.00278662338362
1.126	0.00278652130242
1.127	0.00278651997305
1.128	0.00278681575096
1.129	0.00278772717143
1.13	0.00278875192659
1.131	0.00278988902435
1.132	0.00279113749487
1.133	0.00279249638982
1.134	0.00279396478175
1.135	0.00279554176337
1.136	0.0027962794072
1.137	0.00279546725957
1.138	0.00279406591758
1.139	0.00279278326203
1.14	0.00279161762976
1.141	0.00279056735675
1.142	0.0027896307299
1.143	0.00278880619079
1.144	0.00278809220982
1.145	0.00278748728508
1.146	0.00278698994135
1.147	0.00278659872901
1.148	0.00278631222312
1.149	0.0027861290224
1.15	0.00278604774836
1.151	0.00278606704438
1.152	0.00278654655351
1.153	0.00278748174724
1.154	0.00278853015889
1.155	0.00278969079984
1.156	0.00279096270361
1.157	0.00279234492511
1.158	0.00279383654007
1.159	0.00279543664429
1.16	0.00279581445098
1.161	0.00279464355722
1.162	0.00279326712368
1.163	0.00279200913191
1.164	0.00279086792431
1.165	0.00278984183024
1.166	0.00278892915439
1.167	0.0027881283433
1.168	0.00278743787215
1.169	0.00278685624364
1.17	0.00278638198699
1.171	0.00278601365688
1.172	0.0027857498325
1.173	0.00278558911658
1.174	0.00278553148052
1.175	0.00278557421644
1.176	0.00278624936353
1.177	0.00278721002804
1.178	0.00278828374021
1.179	0.00278946951554
1.18	0.00279076639173
1.181	0.00279217342796
1.182	0.00279368970421
1.183	0.00279531432056
1.184	0.00279542515742
1.185	0.00279398757789
1.186	0.00279263565781
1.187	0.00279140191243
1.188	0.00279028468998
1.189	0.00278928229444
1.19	0.00278839306876
1.191	0.0027876154645
1.192	0.00278694796159
1.193	0.00278638906729
1.194	0.00278593731507
1.195	0.00278559126365
1.196	0.002785349496
1.197	0.00278521061839
1.198	0.0027851732595
1.199	0.00278523606947
1.2	0.00278609431113
1.201	0.00278707824286
1.202	0.00278817510294
1.203	0.00278938390977
1.204	0.00279070370355
1.205	0.00279213354565
1.206	0.00279367251788
1.207	0.00279496730697
1.208	0.00279470812496
1.209	0.0027932608816
1.21	0.00279193323789
1.211	0.0027907235133
1.212	0.00278963006089
1.213	0.00278865117545
1.214	0.00278778521889
1.215	0.00278703064691
1.216	0.00278638594342
1.217	0.00278584961946
1.218	0.00278542021214
1.219	0.00278509628368
1.22	0.00278487642037
1.221	0.00278475923167
1.222	0.00278474334927
1.223	0.00278510193338
1.224	0.00278599423306
1.225	0.00278700031274
1.226	0.00278811917158
1.227	0.00278934983117
1.228	0.00279069133485
1.229	0.00279214274704
1.23	0.00279370315257
1.231	0.00279472976222
1.232	0.00279420262162
1.233	0.00279277734834
1.234	0.00279147140278
1.235	0.00279028310845
1.236	0.00278921082225
1.237	0.00278825281039
1.238	0.00278740747247
1.239	0.00278667326744
1.24	0.0027860486823
1.241	0.00278553223109
1.242	0.00278512245378
1.243	0.00278481791536
1.244	0.00278461720478
1.245	0.00278451893409
1.246	0.00278452173749
1.247	0.00278495124286
1.248	0.00278586640501
1.249	0.00278689516859
1.25	0.00278803653577
1.251	0.00278928953109
1.252	0.00279065320075
1.253	0.00279212661196
1.254	0.00279370885222
1.255	0.00279436547098
1.256	0.00279346964127
1.257	0.0027920685449
1.258	0.00279078648458
1.259	0.00278962178987
1.26	0.00278857282349
1.261	0.00278763784267
1.262	0.00278681526794
1.263	0.00278610356339
1.264	0.00278550122098
1.265	0.00278500675953
1.266	0.00278461872361
1.267	0.00278433568261
1.268	0.00278415622974
1.269	0.00278407898112
1.27	0.00278410257487
1.271	0.00278491011806
1.272	0.00278585613587
1.273	0.0027869158464
1.274	0.00278808825984
1.275	0.0027893724087
1.276	0.00279076734704
1.277	0.00279227214985
1.278	0.00279388591239
1.279	0.00279428044473
1.28	0.00279312292125
1.281	0.0027917542435
1.282	0.00279050456937
1.283	0.00278937223716
1.284	0.00278835559757
1.285	0.0027874529244
1.286	0.0027866626609
1.287	0.00278598327917
1.288	0.00278541327908
1.289	0.00278495118717
1.29	0.00278459555566
1.291	0.00278434496146
1.292	0.0027841980052
1.293	0.0027841533103
1.294	0.00278420952207
1.295	0.00278502091031
1.296	0.0027859955703
1.297	0.00278708379414
1.298	0.00278828459579
1.299	0.0027895970114
1.3	0.00279102009857
1.301	0.0027925529357
1.302	0.00279414332251
1.303	0.00279417723365
1.304	0.00279271882187
1.305	0.00279138085045
1.306	0.00279016162966
1.307	0.00278905950375
1.308	0.00278807281287
1.309	0.00278719985371
1.31	0.00278643907487
1.311	0.00278578895361
1.312	0.00278524799482
1.313	0.00278481472988
1.314	0.0027844877157
1.315	0.00278426553373
1.316	0.00278414678897
1.317	0.00278413010906
1.318	0.0027842141434
1.319	0.00278484121942
1.32	0.0027858313901
1.321	0.00278693487176
1.322	0.00278815068296
1.323	0.00278948070061
1.324	0.00279092085073
1.325	0.00279247021391
1.326	0.00279377020648
1.327	0.00279351333591
1.328	0.00279207087202
1.329	0.00279074815763
1.33	0.00278954350849
1.331	0.00278845527413
1.332	0.00278748176477
1.333	0.00278662131888
1.334	0.00278587238932
1.335	0.00278523345738
1.336	0.00278470303165
1.337	0.00278427964701
1.338	0.00278396186363
1.339	0.00278374826595
1.34	0.00278363746176
1.341	0.0027836280813
1.342	0.00278400133126
1.343	0.0027849012782
1.344	0.00278591508454
1.345	0.00278704174855
1.346	0.00278828029109
1.347	0.00278962975493
1.348	0.00279108920402
1.349	0.00279265772287
1.35	0.00279359966458
1.351	0.00279298607228
1.352	0.00279156560594
1.353	0.00279026460966
1.354	0.00278908140581
1.355	0.0027880143503
1.356	0.00278706173765
1.357	0.00278622193527
1.358	0.0027854934017
1.359	0.00278487462367
1.36	0.00278436411507
1.361	0.00278396041586
1.362	0.00278366209112
1.363	0.00278346773003
1.364	0.00278337594494
1.365	0.00278338537049
1.366	0.00278384247733
1.367	0.00278476607606
1.368	0.00278580347392
1.369	0.00278695367166
1.37	0.00278821569256
1.371	0.00278958858163
1.372	0.00279107140503
1.373	0.00279266324932
1.374	0.00279331377669
1.375	0.00279240933042
1.376	0.00279101320482
1.377	0.00278973633346
1.378	0.00278857704294
1.379	0.00278753369318
1.38	0.00278660455214
1.381	0.00278578802341
1.382	0.00278508256886
1.383	0.00278448667838
1.384	0.00278399886884
1.385	0.00278361768305
1.386	0.00278334168875
1.387	0.00278316947765
1.388	0.0027830996645
1.389	0.00278313088616
1.39	0.00278386695482
1.391	0.00278481339494
1.392	0.00278587342858
1.393	0.00278704606126
1.394	0.00278833032086
1.395	0.00278972525689
1.396	0.00279122993989
1.397	0.00279284346071
1.398	0.00279314176122
1.399	0.00279188680024
1.4	0.00279051523078
1.401	0.00278926258818
1.402	0.00278812720593
1.403	0.00278710745064
1.404	0.00278620161258
1.405	0.0027854080859
1.406	0.00278472533851
1.407	0.00278415186616
1.408	0.00278368619137
1.409	0.00278332686244
1.41	0.00278307245241
1.411	0.0027829215581
1.412	0.00278287279922
1.413	0.00278294188483
1.414	0.00278379841794
1.415	0.00278476940543
1.416	0.00278585383459
1.417	0.00278705071561
1.418	0.00278835908091
1.419	0.0027897779844
1.42	0.00279130650087
1.421	0.00279289466454
1.422	0.00279292287806
1.423	0.00279145345843
1.424	0.00279010444218
1.425	0.00278887413251
1.426	0.00278776086684
1.427	0.00278676298864
1.428	0.00278587877728
1.429	0.00278510667502
1.43	0.00278444515292
1.431	0.00278389270979
1.432	0.00278344787108
1.433	0.00278310918786
1.434	0.00278287523586
1.435	0.00278274461448
1.436	0.00278271594587
1.437	0.00278301644729
1.438	0.00278389498696
1.439	0.00278488782271
1.44	0.00278599394503
1.441	0.00278721236725
1.442	0.00278854212484
1.443	0.00278998227472
1.444	0.00279153189462
1.445	0.00279273799662
1.446	0.00279238646572
1.447	0.0027909432265
1.448	0.00278962002184
1.449	0.00278841516331
1.45	0.00278732699641
1.451	0.00278635385612
1.452	0.00278549404628
1.453	0.0027847460162
1.454	0.00278410824373
1.455	0.00278357923421
1.456	0.00278315751938
1.457	0.00278284165641
1.458	0.00278263022686
1.459	0.00278252183578
1.46	0.00278251511076
1.461	0.00278296224383
1.462	0.00278386616439
1.463	0.0027848841834
1.464	0.00278601529682
1.465	0.00278725852327
1.466	0.00278861290337
1.467	0.00279007749899
1.468	0.00279165139265
1.469	0.00279255373238
1.47	0.00279189887051
1.471	0.00279048109997
1.472	0.00278918300843
1.473	0.00278800291654
1.474	0.0027869391785
1.475	0.00278599009902
1.476	0.00278515403137
1.477	0.0027844294325
1.478	0.00278381478761
1.479	0.00278330860907
1.48	0.00278290943536
1.481	0.00278261583009
1.482	0.00278242638101
1.483	0.00278233969909
1.484	0.00278235441758
1.485	0.00278301500444
1.486	0.00278394263858
1.487	0.00278498415645
1.488	0.00278613855964
1.489	0.00278740487226
1.49	0.0027887821402
1.491	0.00279026943044
1.492	0.00279186583046
1.493	0.00279242395695
1.494	0.0027914265116
1.495	0.00279003389444
1.496	0.00278876063769
1.497	0.00278760506791
1.498	0.00278656554503
1.499	0.00278564035114
1.5	0.00278482787407
1.501	0.00278412657579
1.502	0.00278353494634
1.503	0.00278305150276
1.504	0.00278267478805
1.505	0.00278240337016
1.506	0.00278223584102
1.507	0.00278217081563
1.508	0.00278220693113
1.509	0.00278302051815
1.51	0.00278397282524
1.511	0.00278503883671
1.512	0.00278621755842
1.513	0.00278750801856
1.514	0.00278890926703
1.515	0.00279042037468
1.516	0.00279204043276
1.517	0.00279227008649
1.518	0.00279094537281
1.519	0.00278957838495
1.52	0.00278833040681
1.521	0.00278719977286
1.522	0.00278618485066
1.523	0.00278528390139
1.524	0.00278449535073
1.525	0.00278381766738
1.526	0.00278324934789
1.527	0.00278278891555
1.528	0.00278243491936
1.529	0.00278218593308
1.53	0.00278204055421
1.531	0.00278199740311
1.532	0.00278222107707
1.533	0.00278308282932
1.534	0.0027840590866
1.535	0.00278514883703
1.536	0.00278635109166
1.537	0.00278766488375
1.538	0.00278908926807
1.539	0.00279062332027
1.54	0.00279208605969
1.541	0.00279198932428
1.542	0.00279052671604
1.543	0.002789184495
1.544	0.00278796096755
1.545	0.00278685447419
1.546	0.00278586337166
1.547	0.00278498593126
1.548	0.00278422059804
1.549	0.00278356584578
1.55	0.00278302017587
1.551	0.00278258211628
1.552	0.00278225022051
1.553	0.00278202306664
1.554	0.00278189925634
1.555	0.00278187741395
1.556	0.00278225713485
1.557	0.0027831432625
1.558	0.00278414371287
1.559	0.00278525747841
1.56	0.00278648357436
1.561	0.00278782103806
1.562	0.00278926892823
1.563	0.00279082632435
1.564	0.0027919507986
1.565	0.00279151678691
1.566	0.00279007973368
1.567	0.00278876272344
1.568	0.00278756407003
1.569	0.00278648212114
1.57	0.00278551521312
1.571	0.00278466165292
1.572	0.00278391989194
1.573	0.00278328841007
1.574	0.00278276571459
1.575	0.00278235033915
1.576	0.00278204084272
1.577	0.00278183580864
1.578	0.00278173384363
1.579	0.00278173357693
1.58	0.00278231232172
1.581	0.0027832227734
1.582	0.00278424733711
1.583	0.00278538501029
1.584	0.00278663481303
1.585	0.00278799578735
1.586	0.00278946699652
1.587	0.00279104752442
1.588	0.00279185622091
1.589	0.00279110745314
1.59	0.00278969555134
1.591	0.00278840336389
1.592	0.00278722921105
1.593	0.00278617144669
1.594	0.00278522838185
1.595	0.00278439836253
1.596	0.0027836798455
1.597	0.00278307131585
1.598	0.00278257128585
1.599	0.00278217829392
1.6	0.00278189090365
1.601	0.00278170770278
1.602	0.00278162730231
1.603	0.00278164833553
1.604	0.00278238579241
1.605	0.00278332059042
1.606	0.00278436931205
1.607	0.00278553095918
1.608	0.00278680455618
1.609	0.00278818914924
1.61	0.00278968380566
1.611	0.00279128761324
1.612	0.00279175396017
1.613	0.00279066413924
1.614	0.00278927768543
1.615	0.0027880106048
1.616	0.00278686122477
1.617	0.00278582790616
1.618	0.00278490893935
1.619	0.00278410270576
1.62	0.00278340766829
1.621	0.00278282231788
1.622	0.00278234517246
1.623	0.00278197477591
1.624	0.00278170969704
1.625	0.00278154852867
1.626	0.00278148988663
1.627	0.00278162831267
1.628	0.00278247251873
1.629	0.00278343146029
1.63	0.00278450412089
1.631	0.00278568950717
1.632	0.00278698664812
1.633	0.00278839459443
1.634	0.00278991241775
1.635	0.00279153921009
1.636	0.00279169178599
1.637	0.00279028956533
1.638	0.00278892816609
1.639	0.00278768580657
1.64	0.00278656082083
1.641	0.00278555157604
1.642	0.00278465633647
1.643	0.00278387352374
1.644	0.00278320160626
1.645	0.00278263908031
1.646	0.00278218446894
1.647	0.00278183632093
1.648	0.00278159320983
1.649	0.00278145373298
1.65	0.00278141651056
1.651	0.00278171513022
1.652	0.00278258367956
1.653	0.00278356676846
1.654	0.00278466338511
1.655	0.00278587254066
1.656	0.00278719326846
1.657	0.00278862462342
1.658	0.00279016568131
1.659	0.00279152967174
1.66	0.0027913335912
1.661	0.00278987701206
1.662	0.00278854082679
1.663	0.00278732334243
1.664	0.0027862229001
1.665	0.0027852378637
1.666	0.00278436649807
1.667	0.0027836072489
1.668	0.00278295859063
1.669	0.0027824190253
1.67	0.00278198708151
1.671	0.00278166131342
1.672	0.00278144164681
1.673	0.00278132532836
1.674	0.00278131098217
1.675	0.00278180217563
1.676	0.00278269651133
1.677	0.00278370515385
1.678	0.00278482709674
1.679	0.00278606135653
1.68	0.00278740697192
1.681	0.00278886300313
1.682	0.00279042853113
1.683	0.00279148039186
1.684	0.0027909731523
1.685	0.00278954314759
1.686	0.00278823317431
1.687	0.00278704154725
1.688	0.00278596661497
1.689	0.00278500671556
1.69	0.00278416015564
1.691	0.00278342538728
1.692	0.00278280089095
1.693	0.0027822851744
1.694	0.00278187677169
1.695	0.00278157424207
1.696	0.00278137616908
1.697	0.00278128115955
1.698	0.0027812878427
1.699	0.00278194104537
1.7	0.00278285936594
1.701	0.00278389180303
1.702	0.0027850373539
1.703	0.00278629503839
1.704	0.00278766389818
1.705	0.00278914299612
1.706	0.0027907314156
1.707	0.00279143171535
1.708	0.00279057395934
1.709	0.00278916882838
1.71	0.00278788338766
1.711	0.00278671595816
1.712	0.00278566489438
1.713	0.00278472851249
1.714	0.00278390515397
1.715	0.00278319327602
1.716	0.00278259136401
1.717	0.00278209793045
1.718	0.00278171151388
1.719	0.00278143067791
1.72	0.00278125401021
1.721	0.00278118012156
1.722	0.00278134016391
1.723	0.0027821660333
1.724	0.00278310684023
1.725	0.00278416156287
1.726	0.00278532920258
1.727	0.00278660878316
1.728	0.00278799935018
1.729	0.00278949997027
1.73	0.00279110973048
1.731	0.00279149970128
1.732	0.00279033302556
1.733	0.00278895152876
1.734	0.00278768937252
1.735	0.00278654488325
1.736	0.00278551642069
1.737	0.00278460227216
1.738	0.00278380081991
1.739	0.00278311052564
1.74	0.00278252987903
1.741	0.00278205739674
1.742	0.00278169162133
1.743	0.00278143112027
1.744	0.00278127448497
1.745	0.00278122032984
1.746	0.00278142926579
1.747	0.0027822788162
1.748	0.00278324306347
1.749	0.00278432098976
1.75	0.0027855116003
1.751	0.00278681392265
1.752	0.00278822700602
1.753	0.00278974992056
1.754	0.00279134411887
1.755	0.00279137695362
1.756	0.00278989928418
1.757	0.0027885422966
1.758	0.00278730429004
1.759	0.00278618359795
1.76	0.00278517858687
1.761	0.0027842875239
1.762	0.00278350882608
1.763	0.00278284096106
1.764	0.00278228242425
1.765	0.00278183173779
1.766	0.00278148744952
1.767	0.00278124813195
1.768	0.00278111238137
1.769	0.00278107881684
1.77	0.00278165895813
1.771	0.00278253966539
1.772	0.00278353511262
1.773	0.00278464429074
1.774	0.00278586621358
1.775	0.00278719991724
1.776	0.00278864445933
1.777	0.00279019891835
1.778	0.00279149044613
1.779	0.00279122149913
1.78	0.00278977800107
1.781	0.00278845507768
1.782	0.00278725103833
1.783	0.00278616422643
1.784	0.00278519300359
1.785	0.00278433564173
1.786	0.00278359058884
1.787	0.00278295632163
1.788	0.00278243134442
1.789	0.00278201418808
1.79	0.00278170340904
1.791	0.00278149758826
1.792	0.00278139533031
1.793	0.00278139526241
1.794	0.00278196521357
1.795	0.00278287525377
1.796	0.00278389985193
1.797	0.00278503800357
1.798	0.002786288727
1.799	0.00278765106261
1.8	0.0027891240722
1.801	0.00279070683828
1.802	0.00279165648229
1.803	0.00279104722617
1.804	0.00278963496392
1.805	0.00278834295944
1.806	0.00278716952913
1.807	0.00278611302321
1.808	0.0027851717822
1.809	0.00278434411369
1.81	0.00278362847168
1.811	0.00278302333867
1.812	0.00278252722457
1.813	0.00278213866568
1.814	0.00278185622365
1.815	0.00278167848449
1.816	0.00278160405762
1.817	0.00278163157497
1.818	0.00278201958394
1.819	0.00278294565641
1.82	0.00278398599691
1.821	0.00278513960615
1.822	0.00278640550747
1.823	0.00278778558593
1.824	0.00278927576627
1.825	0.00279087513363
1.826	0.00279149633658
1.827	0.00279055927601
1.828	0.00278916444436
1.829	0.00278788912368
1.83	0.00278673163688
1.831	0.00278569034045
1.832	0.00278476354598
1.833	0.00278394960376
1.834	0.00278324697296
1.835	0.00278265414091
1.836	0.00278216962209
1.837	0.00278179195706
1.838	0.00278151971148
1.839	0.00278135147508
1.84	0.00278128586079
1.841	0.00278140441781
1.842	0.00278224036536
1.843	0.00278319109969
1.844	0.00278425560139
1.845	0.00278543287424
1.846	0.0027867219445
1.847	0.00278812186017
1.848	0.00278963169037
1.849	0.00279125052464
1.85	0.00279153124171
1.851	0.00279025534391
1.852	0.00278888270388
1.853	0.0027876292474
1.854	0.00278649330463
1.855	0.00278547323902
1.856	0.00278456733641
1.857	0.00278377398795
1.858	0.00278309165892
1.859	0.00278251884261
1.86	0.0027820540592
1.861	0.00278169585476
1.862	0.00278144280023
1.863	0.00278129349046
1.864	0.0027812465433
1.865	0.00278144233064
1.866	0.00278230218659
1.867	0.00278327674115
1.868	0.00278436497791
1.869	0.00278556590355
1.87	0.00278687854704
1.871	0.00278830195904
1.872	0.00278983521115
1.873	0.00279134628094
1.874	0.00279129570725
1.875	0.00278982811489
1.876	0.00278848114474
1.877	0.00278725309779
1.878	0.00278614230931
1.879	0.00278514714765
1.88	0.00278426587361
1.881	0.00278349691453
1.882	0.00278283873978
1.883	0.00278228984651
1.884	0.00278184875859
1.885	0.00278151402558
1.886	0.00278128422174
1.887	0.00278115794507
1.888	0.00278113381639
1.889	0.002781598197
1.89	0.00278248166627
1.891	0.00278347958679
1.892	0.00278459094753
1.893	0.00278581476039
1.894	0.00278715005944
1.895	0.00278859590027
1.896	0.00279015135931
1.897	0.00279132711863
1.898	0.00279094250045
1.899	0.00278949994891
1.9	0.00278817764425
1.901	0.00278697389512
1.902	0.00278588704421
1.903	0.002784915467
1.904	0.00278405743814
1.905	0.00278331138553
1.906	0.00278267578494
1.907	0.00278214913975
1.908	0.00278172997982
1.909	0.00278141686053
1.91	0.00278120836172
1.911	0.00278110308683
1.912	0.00278109966188
1.913	0.0027816901329
1.914	0.00278259862223
1.915	0.0027836213833
1.916	0.00278475741027
1.917	0.00278600572006
1.918	0.00278736535164
1.919	0.00278883536529
1.92	0.00279041484201
1.921	0.00279129025014
1.922	0.00279060531422
1.923	0.00278918689832
1.924	0.0027878884658
1.925	0.00278670833012
1.926	0.00278564483861
1.927	0.0027846963208
1.928	0.00278386109008
1.929	0.00278313759752
1.93	0.00278252432272
1.931	0.00278201977268
1.932	0.00278162248077
1.933	0.00278133100571
1.934	0.00278114393059
1.935	0.00278105986191
1.936	0.00278107742866
1.937	0.00278188618949
1.938	0.00278281738419
1.939	0.00278386265953
1.94	0.00278502101331
1.941	0.00278629146599
1.942	0.00278767305996
1.943	0.00278916485888
1.944	0.00279076594705
1.945	0.00279127816644
1.946	0.00279023263973
1.947	0.00278884063141
1.948	0.00278756820267
1.949	0.00278641367568
1.95	0.00278537540621
1.951	0.00278445170649
1.952	0.00278364092443
1.953	0.00278294151842
1.954	0.00278235197508
1.955	0.0027818708082
1.956	0.00278149655768
1.957	0.00278122778852
1.958	0.00278106308985
1.959	0.00278100107402
1.96	0.0027811610467
1.961	0.00278200277074
1.962	0.00278295938174
1.963	0.00278402985999
1.964	0.00278521320902
1.965	0.00278650845481
1.966	0.00278791464512
1.967	0.0027894308488
1.968	0.00279105615514
1.969	0.0027912314409
1.97	0.00278985033057
1.971	0.00278848483135
1.972	0.0027872385253
1.973	0.00278610974434
1.974	0.00278509685353
1.975	0.00278419813707
1.976	0.00278341199114
1.977	0.00278273688236
1.978	0.00278217130519
1.979	0.00278171378098
1.98	0.00278136285684
1.981	0.0027811171047
1.982	0.00278097512034
1.983	0.00278093552243
1.984	0.00278129839969
1.985	0.00278216445739
1.986	0.00278314515646
1.987	0.00278423948337
1.988	0.00278544644761
1.989	0.00278676508093
1.99	0.00278819443665
1.991	0.00278973358903
1.992	0.0027911410854
1.993	0.0027909871997
1.994	0.00278952623348
1.995	0.00278818581151
1.996	0.00278696423771
1.997	0.00278585985018
1.998	0.00278487102002
1.999	0.00278399600073
2	0.00278323323218
